,Open,High,Low,Close,Adj Close,Volume
2022-10-19 09:30:00-04:00,132.5,133.2899932861328,132.38040161132812,132.89990234375,,86273.0
2022-10-19 09:31:00-04:00,132.75999450683594,132.75999450683594,131.52200317382812,132.47000122070312,,21065.0
2022-10-19 09:32:00-04:00,132.35499572753906,132.8800048828125,131.5,131.81910705566406,,16912.0
2022-10-19 09:33:00-04:00,131.9199981689453,132.64999389648438,131.52000427246094,132.38499450683594,,9802.0
2022-10-19 09:34:00-04:00,131.8000030517578,131.80499267578125,131.8000030517578,131.80499267578125,,7081.0
2022-10-19 09:35:00-04:00,131.625,131.8800048828125,131.625,131.8800048828125,,15193.0
2022-10-19 09:36:00-04:00,131.83999633789062,132.44000244140625,131.80999755859375,132.44000244140625,,22612.0
2022-10-19 09:37:00-04:00,131.92999267578125,131.9499969482422,131.92999267578125,131.9499969482422,,6164.0
2022-10-19 09:38:00-04:00,131.6649932861328,131.9600067138672,131.63999938964844,131.90919494628906,,17850.0
2022-10-19 09:39:00-04:00,132.36000061035156,132.36990356445312,132.36000061035156,132.36990356445312,,30685.0
2022-10-19 09:40:00-04:00,132.36000061035156,132.45989990234375,131.62130737304688,131.62130737304688,,19120.0
2022-10-19 09:41:00-04:00,131.67999267578125,131.9499969482422,131.5679931640625,131.9499969482422,,33178.0
2022-10-19 09:42:00-04:00,131.5800018310547,131.7949981689453,131.4600067138672,131.69500732421875,,16602.0
2022-10-19 09:43:00-04:00,131.0,131.30999755859375,131.0,131.2191925048828,,21331.0
2022-10-19 09:44:00-04:00,131.1300048828125,131.47000122070312,131.1300048828125,131.34500122070312,,7335.0
2022-10-19 09:45:00-04:00,131.08999633789062,131.08999633789062,130.8000030517578,130.82000732421875,,10757.0
2022-10-19 09:46:00-04:00,130.55499267578125,130.77420043945312,130.47999572753906,130.76119995117188,,22443.0
2022-10-19 09:47:00-04:00,130.73500061035156,130.77000427246094,130.0800018310547,130.0800018310547,,13670.0
2022-10-19 09:48:00-04:00,130.21499633789062,130.21499633789062,129.70010375976562,129.70010375976562,,39554.0
2022-10-19 09:49:00-04:00,129.52000427246094,129.5998992919922,129.2100067138672,129.37600708007812,,51158.0
2022-10-19 09:50:00-04:00,129.25,129.5,129.25,129.3300018310547,,50004.0
2022-10-19 09:51:00-04:00,128.83999633789062,129.37449645996094,128.6750030517578,129.10000610351562,,65105.0
2022-10-19 09:52:00-04:00,129.27000427246094,129.38999938964844,129.0399932861328,129.30999755859375,,26838.0
2022-10-19 09:53:00-04:00,129.08999633789062,129.36000061035156,129.02000427246094,129.2100067138672,,31183.0
2022-10-19 09:54:00-04:00,129.0,129.12899780273438,128.88999938964844,129.11000061035156,,25242.0
2022-10-19 09:55:00-04:00,129.0,129.39999389648438,128.9600067138672,128.9600067138672,,27933.0
2022-10-19 09:56:00-04:00,129.0,129.25,128.75999450683594,129.0500030517578,,61771.0
2022-10-19 09:57:00-04:00,129.17999267578125,129.17999267578125,128.8699951171875,129.05999755859375,,18778.0
2022-10-19 09:58:00-04:00,129.02000427246094,129.0800018310547,128.9600067138672,129.01499938964844,,16017.0
2022-10-19 09:59:00-04:00,128.55999755859375,128.9499969482422,128.44149780273438,128.69000244140625,,16616.0
2022-10-19 10:00:00-04:00,128.6300048828125,128.6636962890625,128.19000244140625,128.64999389648438,,22257.0
2022-10-19 10:01:00-04:00,128.61000061035156,129.0800018310547,128.50999450683594,128.9600067138672,,20517.0
2022-10-19 10:02:00-04:00,128.75999450683594,129.11990356445312,128.60000610351562,128.82000732421875,,18486.0
2022-10-19 10:03:00-04:00,128.92999267578125,129.11000061035156,128.85000610351562,128.90499877929688,,18029.0
2022-10-19 10:04:00-04:00,128.9250030517578,128.99000549316406,128.58999633789062,128.89500427246094,,12897.0
2022-10-19 10:05:00-04:00,128.86000061035156,129.08999633789062,128.6300048828125,129.02000427246094,,17056.0
2022-10-19 10:06:00-04:00,128.89999389648438,128.9799041748047,128.72999572753906,128.82000732421875,,6730.0
2022-10-19 10:07:00-04:00,128.9499969482422,128.9499969482422,128.6699981689453,128.7100067138672,,12120.0
2022-10-19 10:08:00-04:00,128.74000549316406,128.75,128.60000610351562,128.6199951171875,,8237.0
2022-10-19 10:09:00-04:00,128.74659729003906,128.74659729003906,128.10000610351562,128.1999969482422,,27595.0
2022-10-19 10:10:00-04:00,128.24000549316406,128.5,128.05999755859375,128.1300048828125,,12845.0
2022-10-19 10:11:00-04:00,128.0850067138672,128.10000610351562,127.83000183105469,127.8499984741211,,34781.0
2022-10-19 10:12:00-04:00,127.87000274658203,128.17999267578125,127.81610107421875,128.1199951171875,,14682.0
2022-10-19 10:13:00-04:00,128.17999267578125,128.2100067138672,127.97000122070312,128.0399932861328,,14179.0
2022-10-19 10:14:00-04:00,128.1199951171875,128.53939819335938,128.1199951171875,128.1999969482422,,9125.0
2022-10-19 10:15:00-04:00,128.27000427246094,129.02999877929688,128.27000427246094,128.8800048828125,,61930.0
2022-10-19 10:16:00-04:00,128.60989379882812,128.82000732421875,128.48500061035156,128.6999969482422,,14948.0
2022-10-19 10:17:00-04:00,128.6199951171875,128.7877960205078,128.4199981689453,128.47999572753906,,10241.0
2022-10-19 10:18:00-04:00,128.41000366210938,128.58999633789062,128.2899932861328,128.5800018310547,,8704.0
2022-10-19 10:19:00-04:00,128.52000427246094,128.72999572753906,128.42999267578125,128.72999572753906,,9800.0
2022-10-19 10:20:00-04:00,128.74000549316406,128.78990173339844,128.50999450683594,128.61000061035156,,8408.0
2022-10-19 10:21:00-04:00,128.5399932861328,129.0500030517578,128.52000427246094,128.77000427246094,,13821.0
2022-10-19 10:22:00-04:00,128.9163055419922,129.05999755859375,128.66000366210938,129.02049255371094,,13771.0
2022-10-19 10:23:00-04:00,128.92999267578125,129.05999755859375,128.82000732421875,128.9199981689453,,12235.0
2022-10-19 10:24:00-04:00,128.8800048828125,128.9844970703125,128.8000030517578,128.8000030517578,,10345.0
2022-10-19 10:25:00-04:00,128.8800048828125,129.07000732421875,128.75,129.00999450683594,,12630.0
2022-10-19 10:26:00-04:00,129.0865936279297,129.11000061035156,128.91000366210938,128.93409729003906,,6947.0
2022-10-19 10:27:00-04:00,128.94000244140625,129.0500030517578,128.75,128.85499572753906,,6771.0
2022-10-19 10:28:00-04:00,128.85000610351562,129.07000732421875,128.77020263671875,129.0,,14371.0
2022-10-19 10:29:00-04:00,128.92999267578125,129.0,128.8800048828125,128.9600067138672,,5356.0
2022-10-19 10:30:00-04:00,129.00999450683594,129.0399932861328,128.61000061035156,128.61500549316406,,33593.0
2022-10-19 10:31:00-04:00,128.55999755859375,128.90499877929688,128.5,128.6999969482422,,13548.0
2022-10-19 10:32:00-04:00,128.7100067138672,128.77999877929688,128.39100646972656,128.4250030517578,,7940.0
2022-10-19 10:33:00-04:00,128.5500030517578,128.83999633789062,128.4600067138672,128.72079467773438,,9816.0
2022-10-19 10:34:00-04:00,128.63189697265625,128.67999267578125,128.13999938964844,128.5,,19708.0
2022-10-19 10:35:00-04:00,128.5,128.60000610351562,128.41000366210938,128.4199981689453,,7113.0
2022-10-19 10:36:00-04:00,128.4199981689453,128.4499969482422,127.93000030517578,128.02000427246094,,16080.0
2022-10-19 10:37:00-04:00,128.0050048828125,128.0800018310547,127.87830352783203,128.0,,5379.0
2022-10-19 10:38:00-04:00,127.87000274658203,127.9800033569336,127.80000305175781,127.8499984741211,,17705.0
2022-10-19 10:39:00-04:00,127.80999755859375,127.8499984741211,127.57520294189453,127.8499984741211,,18328.0
2022-10-19 10:40:00-04:00,127.81999969482422,127.9032974243164,127.69999694824219,127.76000213623047,,9536.0
2022-10-19 10:41:00-04:00,127.7155990600586,127.71990203857422,127.55999755859375,127.5999984741211,,18533.0
2022-10-19 10:42:00-04:00,127.5999984741211,127.73919677734375,127.55999755859375,127.72000122070312,,15323.0
2022-10-19 10:43:00-04:00,127.72200012207031,127.98999786376953,127.5999984741211,127.5999984741211,,13547.0
2022-10-19 10:44:00-04:00,127.68769836425781,127.81999969482422,127.5,127.7699966430664,,7965.0
2022-10-19 10:45:00-04:00,127.77999877929688,128.05999755859375,127.7699966430664,127.7699966430664,,12277.0
2022-10-19 10:46:00-04:00,127.81999969482422,127.83999633789062,127.68000030517578,127.69000244140625,,6067.0
2022-10-19 10:47:00-04:00,127.6500015258789,127.66999816894531,127.3499984741211,127.3499984741211,,26851.0
2022-10-19 10:48:00-04:00,127.41000366210938,127.93000030517578,127.3499984741211,127.69000244140625,,10320.0
2022-10-19 10:49:00-04:00,127.63999938964844,127.74500274658203,127.38200378417969,127.51000213623047,,14344.0
2022-10-19 10:50:00-04:00,127.54000091552734,127.54199981689453,127.23999786376953,127.30500030517578,,22825.0
2022-10-19 10:51:00-04:00,127.33000183105469,127.37000274658203,127.2301025390625,127.31999969482422,,8872.0
2022-10-19 10:52:00-04:00,127.30000305175781,127.56999969482422,127.27999877929688,127.56999969482422,,6543.0
2022-10-19 10:53:00-04:00,127.51000213623047,127.53600311279297,127.42369842529297,127.46849822998047,,867.0
2022-10-19 10:54:00-04:00,127.52999877929688,127.53500366210938,127.41000366210938,127.53500366210938,,15340.0
2022-10-19 10:55:00-04:00,127.44000244140625,127.44750213623047,127.19999694824219,127.27999877929688,,16116.0
2022-10-19 10:56:00-04:00,127.23999786376953,127.61000061035156,127.23999786376953,127.37999725341797,,16898.0
2022-10-19 10:57:00-04:00,127.3499984741211,127.38999938964844,127.29000091552734,127.30000305175781,,9363.0
2022-10-19 10:58:00-04:00,127.30999755859375,127.30999755859375,127.08090209960938,127.13480377197266,,26415.0
2022-10-19 10:59:00-04:00,127.08499908447266,127.25,127.06999969482422,127.20500183105469,,8485.0
2022-10-19 11:00:00-04:00,127.19499969482422,127.2300033569336,127.11000061035156,127.18499755859375,,9126.0
2022-10-19 11:01:00-04:00,127.18000030517578,127.20999908447266,127.06999969482422,127.12000274658203,,9849.0
2022-10-19 11:02:00-04:00,127.12000274658203,127.5,127.06999969482422,127.38999938964844,,23966.0
2022-10-19 11:03:00-04:00,127.4000015258789,127.5999984741211,127.2300033569336,127.52999877929688,,34405.0
2022-10-19 11:04:00-04:00,127.45010375976562,127.63999938964844,127.41000366210938,127.4800033569336,,10372.0
2022-10-19 11:05:00-04:00,127.41999816894531,127.7249984741211,127.41999816894531,127.62000274658203,,19451.0
2022-10-19 11:06:00-04:00,127.6449966430664,128.10000610351562,127.55999755859375,128.10000610351562,,39856.0
2022-10-19 11:07:00-04:00,128.048095703125,128.048095703125,127.7300033569336,127.79000091552734,,26799.0
2022-10-19 11:08:00-04:00,127.7699966430664,127.80500030517578,126.94000244140625,127.01599884033203,,38981.0
2022-10-19 11:09:00-04:00,126.94010162353516,127.18000030517578,126.94010162353516,127.08000183105469,,4728.0
2022-10-19 11:10:00-04:00,127.125,127.48999786376953,127.0,127.29000091552734,,9749.0
2022-10-19 11:11:00-04:00,127.30000305175781,127.5,127.2300033569336,127.41000366210938,,20946.0
2022-10-19 11:12:00-04:00,127.41000366210938,127.41000366210938,126.66000366210938,126.99960327148438,,62435.0
2022-10-19 11:13:00-04:00,127.01000213623047,127.01000213623047,126.7699966430664,126.91000366210938,,10827.0
2022-10-19 11:14:00-04:00,126.91999816894531,127.03990173339844,126.7699966430664,127.03990173339844,,13172.0
2022-10-19 11:15:00-04:00,127.0,127.29000091552734,126.94999694824219,127.29000091552734,,13163.0
2022-10-19 11:16:00-04:00,127.05999755859375,127.14199829101562,127.01000213623047,127.12000274658203,,9121.0
2022-10-19 11:17:00-04:00,127.13999938964844,127.13999938964844,126.77999877929688,126.94999694824219,,8271.0
2022-10-19 11:18:00-04:00,126.94999694824219,127.04000091552734,126.87999725341797,126.88999938964844,,8581.0
2022-10-19 11:19:00-04:00,127.02999877929688,127.12000274658203,126.91000366210938,127.00499725341797,,8838.0
2022-10-19 11:20:00-04:00,126.9800033569336,127.1500015258789,126.94000244140625,127.00499725341797,,7011.0
2022-10-19 11:21:00-04:00,126.98999786376953,127.19999694824219,126.95999908447266,127.19999694824219,,5775.0
2022-10-19 11:22:00-04:00,127.43000030517578,127.5199966430664,127.34500122070312,127.34500122070312,,13735.0
2022-10-19 11:23:00-04:00,127.3499984741211,127.37999725341797,127.3499984741211,127.37999725341797,,1036.0
2022-10-19 11:24:00-04:00,127.1500015258789,127.1500015258789,126.95999908447266,126.95999908447266,,17430.0
2022-10-19 11:25:00-04:00,126.84500122070312,126.97000122070312,126.84500122070312,126.97000122070312,,7432.0
2022-10-19 11:26:00-04:00,127.04000091552734,127.08000183105469,126.93000030517578,127.06999969482422,,16666.0
2022-10-19 11:27:00-04:00,127.05999755859375,127.2300033569336,127.0,127.16999816894531,,12040.0
2022-10-19 11:28:00-04:00,127.2300033569336,127.41000366210938,127.16999816894531,127.41000366210938,,4864.0
2022-10-19 11:29:00-04:00,127.41999816894531,127.45999908447266,127.2699966430664,127.4000015258789,,15779.0
2022-10-19 11:30:00-04:00,127.48419952392578,127.51930236816406,127.33039855957031,127.38970184326172,,11818.0
2022-10-19 11:31:00-04:00,127.4000015258789,127.5199966430664,127.2699966430664,127.31549835205078,,13414.0
2022-10-19 11:32:00-04:00,127.34919738769531,127.58000183105469,127.34919738769531,127.54499816894531,,8078.0
2022-10-19 11:33:00-04:00,127.62000274658203,127.62000274658203,127.36000061035156,127.36000061035156,,4410.0
2022-10-19 11:34:00-04:00,127.30000305175781,127.30000305175781,126.9000015258789,126.91000366210938,,7921.0
2022-10-19 11:35:00-04:00,126.9000015258789,126.91000366210938,126.66000366210938,126.75,,7744.0
2022-10-19 11:36:00-04:00,126.69000244140625,126.69499969482422,126.51000213623047,126.625,,15519.0
2022-10-19 11:37:00-04:00,126.58000183105469,126.73789978027344,126.51000213623047,126.55999755859375,,6075.0
2022-10-19 11:38:00-04:00,126.63500213623047,126.63999938964844,126.20999908447266,126.31999969482422,,32329.0
2022-10-19 11:39:00-04:00,126.42939758300781,126.45500183105469,126.42939758300781,126.45500183105469,,15007.0
2022-10-19 11:40:00-04:00,126.5,126.5199966430664,126.3499984741211,126.48999786376953,,22346.0
2022-10-19 11:41:00-04:00,126.45999908447266,126.58999633789062,126.36499786376953,126.36499786376953,,7523.0
2022-10-19 11:42:00-04:00,126.36499786376953,126.5199966430664,126.30999755859375,126.33499908447266,,6661.0
2022-10-19 11:43:00-04:00,126.31999969482422,126.3488998413086,126.2300033569336,126.27999877929688,,12947.0
2022-10-19 11:44:00-04:00,126.33879852294922,126.33879852294922,125.88999938964844,126.18499755859375,,38245.0
2022-10-19 11:45:00-04:00,126.19000244140625,126.4000015258789,126.16000366210938,126.4000015258789,,16872.0
2022-10-19 11:46:00-04:00,126.4000015258789,126.5,126.26000213623047,126.30999755859375,,15512.0
2022-10-19 11:47:00-04:00,126.30999755859375,126.4000015258789,126.0199966430664,126.4000015258789,,11922.0
2022-10-19 11:48:00-04:00,126.37000274658203,126.4000015258789,125.94000244140625,125.94000244140625,,12434.0
2022-10-19 11:49:00-04:00,125.94000244140625,125.94000244140625,125.75,125.88999938964844,,15454.0
2022-10-19 11:50:00-04:00,125.92500305175781,126.08000183105469,125.87999725341797,125.97000122070312,,19622.0
2022-10-19 11:51:00-04:00,126.0,126.08000183105469,125.93000030517578,126.04000091552734,,8734.0
2022-10-19 11:52:00-04:00,126.0999984741211,126.21499633789062,125.93000030517578,125.93000030517578,,11548.0
2022-10-19 11:53:00-04:00,125.95999908447266,125.95999908447266,125.88500213623047,125.91000366210938,,8517.0
2022-10-19 11:54:00-04:00,125.9800033569336,126.08000183105469,125.94000244140625,126.08000183105469,,7395.0
2022-10-19 11:55:00-04:00,126.01000213623047,126.1613998413086,125.91999816894531,125.93000030517578,,6161.0
2022-10-19 11:56:00-04:00,126.0199966430664,126.0199966430664,125.83000183105469,125.9000015258789,,7974.0
2022-10-19 11:57:00-04:00,125.83999633789062,125.91999816894531,125.69999694824219,125.73999786376953,,8709.0
2022-10-19 11:58:00-04:00,125.69499969482422,125.91999816894531,125.69499969482422,125.88500213623047,,6769.0
2022-10-19 11:59:00-04:00,125.83999633789062,126.0,125.80819702148438,125.96209716796875,,7239.0
2022-10-19 12:00:00-04:00,125.91999816894531,126.04000091552734,125.7699966430664,125.7699966430664,,11862.0
2022-10-19 12:01:00-04:00,125.79000091552734,125.86000061035156,125.72000122070312,125.74500274658203,,8924.0
2022-10-19 12:02:00-04:00,125.74500274658203,125.80999755859375,125.6500015258789,125.67549896240234,,15814.0
2022-10-19 12:03:00-04:00,125.63999938964844,125.70989990234375,125.51000213623047,125.69999694824219,,14382.0
2022-10-19 12:04:00-04:00,125.61000061035156,126.01000213623047,125.61000061035156,125.94000244140625,,11881.0
2022-10-19 12:05:00-04:00,125.94000244140625,125.96379852294922,125.66000366210938,125.68499755859375,,4925.0
2022-10-19 12:06:00-04:00,125.72000122070312,125.7571029663086,125.66999816894531,125.69999694824219,,2708.0
2022-10-19 12:07:00-04:00,125.68000030517578,125.68000030517578,125.4000015258789,125.4000015258789,,11708.0
2022-10-19 12:08:00-04:00,125.38999938964844,125.41000366210938,125.19999694824219,125.38990020751953,,22463.0
2022-10-19 12:09:00-04:00,125.30000305175781,125.44999694824219,125.22000122070312,125.40499877929688,,12867.0
2022-10-19 12:10:00-04:00,125.40499877929688,125.5,125.30999755859375,125.30999755859375,,9278.0
2022-10-19 12:11:00-04:00,125.2249984741211,125.25990295410156,125.12999725341797,125.16999816894531,,9229.0
2022-10-19 12:12:00-04:00,125.16999816894531,125.44999694824219,125.16000366210938,125.40499877929688,,5368.0
2022-10-19 12:13:00-04:00,125.40499877929688,125.40499877929688,125.16000366210938,125.20999908447266,,4606.0
2022-10-19 12:14:00-04:00,125.19000244140625,125.20999908447266,125.05000305175781,125.20999908447266,,12868.0
2022-10-19 12:15:00-04:00,125.19000244140625,125.22000122070312,125.02999877929688,125.0999984741211,,14281.0
2022-10-19 12:16:00-04:00,125.12000274658203,125.31999969482422,125.12000274658203,125.1593017578125,,6665.0
2022-10-19 12:17:00-04:00,125.13999938964844,125.33999633789062,125.08999633789062,125.26000213623047,,10020.0
2022-10-19 12:18:00-04:00,125.4800033569336,125.5,125.4397964477539,125.5,,8712.0
2022-10-19 12:19:00-04:00,125.44000244140625,125.5,125.2699966430664,125.34500122070312,,13119.0
2022-10-19 12:20:00-04:00,125.37770080566406,125.4000015258789,125.20999908447266,125.26000213623047,,9508.0
2022-10-19 12:21:00-04:00,125.2750015258789,125.2750015258789,125.01000213623047,125.1500015258789,,11041.0
2022-10-19 12:22:00-04:00,125.05999755859375,125.1500015258789,124.91000366210938,125.01499938964844,,40655.0
2022-10-19 12:23:00-04:00,125.08000183105469,125.08000183105469,124.80000305175781,124.8499984741211,,12867.0
2022-10-19 12:24:00-04:00,124.87999725341797,124.94499969482422,124.72000122070312,124.72000122070312,,4763.0
2022-10-19 12:25:00-04:00,124.70999908447266,124.88999938964844,124.70999908447266,124.8499984741211,,9621.0
2022-10-19 12:26:00-04:00,124.87000274658203,124.87000274658203,124.5999984741211,124.72000122070312,,16542.0
2022-10-19 12:27:00-04:00,124.71549987792969,124.81999969482422,124.6500015258789,124.70999908447266,,4453.0
2022-10-19 12:28:00-04:00,124.76000213623047,124.80049896240234,124.76000213623047,124.80049896240234,,10954.0
2022-10-19 12:29:00-04:00,124.75499725341797,124.75499725341797,124.75499725341797,124.75499725341797,,6718.0
2022-10-19 12:30:00-04:00,124.70999908447266,124.99500274658203,124.69999694824219,124.91000366210938,,14813.0
2022-10-19 12:31:00-04:00,124.95999908447266,125.16000366210938,124.95999908447266,125.1050033569336,,18126.0
2022-10-19 12:32:00-04:00,125.1050033569336,125.19000244140625,125.05000305175781,125.09500122070312,,10581.0
2022-10-19 12:33:00-04:00,125.06999969482422,125.2300033569336,125.05000305175781,125.125,,13081.0
2022-10-19 12:34:00-04:00,125.06999969482422,125.12000274658203,125.0,125.06390380859375,,5391.0
2022-10-19 12:35:00-04:00,125.03500366210938,125.18840026855469,124.91999816894531,124.91999816894531,,8315.0
2022-10-19 12:36:00-04:00,125.0,125.30999755859375,125.0,125.05000305175781,,12591.0
2022-10-19 12:37:00-04:00,125.08000183105469,125.22000122070312,125.0,125.0,,4515.0
2022-10-19 12:38:00-04:00,125.0248031616211,125.1500015258789,124.94999694824219,125.12999725341797,,6607.0
2022-10-19 12:39:00-04:00,125.0999984741211,125.12000274658203,124.83000183105469,124.83000183105469,,6162.0
2022-10-19 12:40:00-04:00,124.83000183105469,124.95999908447266,124.83000183105469,124.88500213623047,,7161.0
2022-10-19 12:41:00-04:00,124.83999633789062,124.91999816894531,124.80000305175781,124.8134994506836,,5490.0
2022-10-19 12:42:00-04:00,124.84500122070312,124.84750366210938,124.68000030517578,124.68000030517578,,16077.0
2022-10-19 12:43:00-04:00,124.69499969482422,124.81919860839844,124.69000244140625,124.81919860839844,,9218.0
2022-10-19 12:44:00-04:00,124.80000305175781,124.80000305175781,124.66999816894531,124.73999786376953,,9484.0
2022-10-19 12:45:00-04:00,124.75499725341797,124.80000305175781,124.56999969482422,124.56999969482422,,11898.0
2022-10-19 12:46:00-04:00,124.61000061035156,124.61000061035156,124.55000305175781,124.55999755859375,,5053.0
2022-10-19 12:47:00-04:00,124.58899688720703,124.58899688720703,124.36000061035156,124.38999938964844,,13068.0
2022-10-19 12:48:00-04:00,124.46990203857422,124.62999725341797,124.46990203857422,124.54000091552734,,5132.0
2022-10-19 12:49:00-04:00,124.52999877929688,124.60880279541016,124.48999786376953,124.55500030517578,,3843.0
2022-10-19 12:50:00-04:00,124.5999984741211,124.67500305175781,124.45999908447266,124.67500305175781,,5995.0
2022-10-19 12:51:00-04:00,124.69000244140625,124.83989715576172,124.66999816894531,124.71499633789062,,6390.0
2022-10-19 12:52:00-04:00,124.71499633789062,124.71499633789062,124.45159912109375,124.45999908447266,,5095.0
2022-10-19 12:53:00-04:00,124.44999694824219,124.68000030517578,124.44999694824219,124.5999984741211,,7860.0
2022-10-19 12:54:00-04:00,124.6050033569336,124.7300033569336,124.52999877929688,124.7300033569336,,3602.0
2022-10-19 12:55:00-04:00,124.69000244140625,124.83000183105469,124.69000244140625,124.79000091552734,,13153.0
2022-10-19 12:56:00-04:00,124.74500274658203,124.74500274658203,124.56999969482422,124.56999969482422,,125896.0
2022-10-19 12:57:00-04:00,124.61000061035156,124.72000122070312,124.42009735107422,124.69000244140625,,11313.0
2022-10-19 12:58:00-04:00,124.6500015258789,124.78990173339844,124.6449966430664,124.68000030517578,,5710.0
2022-10-19 12:59:00-04:00,124.68000030517578,124.72000122070312,124.54000091552734,124.5999984741211,,5989.0
2022-10-19 13:00:00-04:00,124.6050033569336,124.83000183105469,124.55000305175781,124.80000305175781,,10802.0
2022-10-19 13:01:00-04:00,124.80000305175781,124.80000305175781,124.66999816894531,124.72000122070312,,4337.0
2022-10-19 13:02:00-04:00,124.76000213623047,124.83000183105469,124.51000213623047,124.51000213623047,,30324.0
2022-10-19 13:03:00-04:00,124.5,124.7300033569336,124.4800033569336,124.67500305175781,,15731.0
2022-10-19 13:04:00-04:00,124.62999725341797,124.7052001953125,124.19000244140625,124.21160125732422,,17678.0
2022-10-19 13:05:00-04:00,124.22000122070312,124.26000213623047,124.08999633789062,124.17790222167969,,10906.0
2022-10-19 13:06:00-04:00,124.16000366210938,124.25,124.16000366210938,124.22000122070312,,3320.0
2022-10-19 13:07:00-04:00,124.16999816894531,124.16999816894531,124.02999877929688,124.02999877929688,,10481.0
2022-10-19 13:08:00-04:00,124.02999877929688,124.11000061035156,124.0199966430664,124.09750366210938,,4328.0
2022-10-19 13:09:00-04:00,124.15499877929688,124.30000305175781,124.15499877929688,124.30000305175781,,12042.0
2022-10-19 13:10:00-04:00,124.33000183105469,124.37000274658203,124.16919708251953,124.3499984741211,,5988.0
2022-10-19 13:11:00-04:00,124.36000061035156,124.4000015258789,124.23999786376953,124.23999786376953,,4532.0
2022-10-19 13:12:00-04:00,124.27999877929688,124.45500183105469,124.25,124.40499877929688,,9614.0
2022-10-19 13:13:00-04:00,124.33999633789062,124.45989990234375,124.31999969482422,124.33999633789062,,7368.0
2022-10-19 13:14:00-04:00,124.31999969482422,124.41999816894531,124.16999816894531,124.18000030517578,,5885.0
2022-10-19 13:15:00-04:00,124.16999816894531,124.26000213623047,124.02079772949219,124.06999969482422,,10371.0
2022-10-19 13:16:00-04:00,124.10990142822266,124.20999908447266,124.03959655761719,124.16000366210938,,6985.0
2022-10-19 13:17:00-04:00,124.19000244140625,124.19000244140625,124.0199966430664,124.0199966430664,,5266.0
2022-10-19 13:18:00-04:00,124.0353012084961,124.19999694824219,124.01000213623047,124.11000061035156,,15310.0
2022-10-19 13:19:00-04:00,124.08999633789062,124.12999725341797,124.01000213623047,124.12999725341797,,6972.0
2022-10-19 13:20:00-04:00,124.0999984741211,124.2699966430664,124.0999984741211,124.26000213623047,,9103.0
2022-10-19 13:21:00-04:00,124.26640319824219,124.44999694824219,124.26640319824219,124.33000183105469,,11728.0
2022-10-19 13:22:00-04:00,124.29000091552734,124.30999755859375,124.20500183105469,124.20500183105469,,8261.0
2022-10-19 13:23:00-04:00,124.19999694824219,124.19999694824219,124.0801010131836,124.12000274658203,,6368.0
2022-10-19 13:24:00-04:00,124.06999969482422,124.26000213623047,124.05000305175781,124.26000213623047,,9486.0
2022-10-19 13:25:00-04:00,124.31500244140625,124.37999725341797,124.23999786376953,124.31999969482422,,7132.0
2022-10-19 13:26:00-04:00,124.37000274658203,124.4739990234375,124.31999969482422,124.4739990234375,,7161.0
2022-10-19 13:27:00-04:00,124.37999725341797,124.43000030517578,124.19000244140625,124.23290252685547,,11011.0
2022-10-19 13:28:00-04:00,124.2300033569336,124.2300033569336,124.08000183105469,124.20999908447266,,6355.0
2022-10-19 13:29:00-04:00,124.18499755859375,124.23880004882812,124.12000274658203,124.13999938964844,,4058.0
2022-10-19 13:30:00-04:00,124.16000366210938,124.19999694824219,124.11000061035156,124.19999694824219,,9020.0
2022-10-19 13:31:00-04:00,124.19000244140625,124.29000091552734,124.13999938964844,124.13999938964844,,8240.0
2022-10-19 13:32:00-04:00,124.16000366210938,124.33999633789062,124.1500015258789,124.33000183105469,,5764.0
2022-10-19 13:33:00-04:00,124.37000274658203,124.53500366210938,124.37000274658203,124.48999786376953,,6019.0
2022-10-19 13:34:00-04:00,124.48999786376953,124.5248031616211,124.43000030517578,124.43000030517578,,5638.0
2022-10-19 13:35:00-04:00,124.43000030517578,124.66000366210938,124.43000030517578,124.63749694824219,,3052.0
2022-10-19 13:36:00-04:00,124.66999816894531,124.80000305175781,124.62000274658203,124.62000274658203,,16495.0
2022-10-19 13:37:00-04:00,124.68000030517578,124.83499908447266,124.66999816894531,124.83499908447266,,4112.0
2022-10-19 13:38:00-04:00,124.77999877929688,124.77999877929688,124.44999694824219,124.5999984741211,,9889.0
2022-10-19 13:39:00-04:00,124.58000183105469,124.69999694824219,124.5,124.5,,7283.0
2022-10-19 13:40:00-04:00,124.38999938964844,124.38999938964844,124.30000305175781,124.30000305175781,,5656.0
2022-10-19 13:41:00-04:00,124.33000183105469,124.37000274658203,124.2656021118164,124.36000061035156,,3872.0
2022-10-19 13:42:00-04:00,124.33999633789062,124.45989990234375,124.33999633789062,124.3499984741211,,8517.0
2022-10-19 13:43:00-04:00,124.3499984741211,124.3499984741211,124.25,124.27999877929688,,2668.0
2022-10-19 13:44:00-04:00,124.32109832763672,124.32109832763672,124.32109832763672,124.32109832763672,,325.0
2022-10-19 13:45:00-04:00,124.2699966430664,124.30000305175781,124.1948013305664,124.24500274658203,,12746.0
2022-10-19 13:46:00-04:00,124.19999694824219,124.26000213623047,124.18000030517578,124.19999694824219,,5397.0
2022-10-19 13:47:00-04:00,124.16000366210938,124.20500183105469,124.16000366210938,124.16999816894531,,1361.0
2022-10-19 13:48:00-04:00,124.2300033569336,124.2300033569336,124.08000183105469,124.0999984741211,,10486.0
2022-10-19 13:49:00-04:00,124.06999969482422,124.06999969482422,124.0199966430664,124.0199966430664,,2661.0
2022-10-19 13:50:00-04:00,123.86540222167969,123.93000030517578,123.86000061035156,123.8949966430664,,19500.0
2022-10-19 13:51:00-04:00,123.9800033569336,124.10990142822266,123.95999908447266,123.97000122070312,,9142.0
2022-10-19 13:52:00-04:00,123.98500061035156,124.06999969482422,123.9749984741211,123.9749984741211,,7766.0
2022-10-19 13:53:00-04:00,123.94999694824219,123.9999008178711,123.66000366210938,123.83000183105469,,8537.0
2022-10-19 13:54:00-04:00,123.83000183105469,123.91000366210938,123.76000213623047,123.86000061035156,,5006.0
2022-10-19 13:55:00-04:00,123.8550033569336,123.9000015258789,123.72000122070312,123.72000122070312,,6649.0
2022-10-19 13:56:00-04:00,123.70500183105469,123.79000091552734,123.65850067138672,123.66999816894531,,3581.0
2022-10-19 13:57:00-04:00,123.69999694824219,123.7300033569336,123.61000061035156,123.69999694824219,,11781.0
2022-10-19 13:58:00-04:00,123.73999786376953,123.75,123.70999908447266,123.75,,4460.0
2022-10-19 13:59:00-04:00,123.77999877929688,123.94000244140625,123.77999877929688,123.93000030517578,,4940.0
2022-10-19 14:00:00-04:00,123.93000030517578,123.9800033569336,123.80500030517578,123.9800033569336,,12517.0
2022-10-19 14:01:00-04:00,123.9800033569336,124.0,123.91000366210938,123.91000366210938,,3819.0
2022-10-19 14:02:00-04:00,123.91999816894531,123.97000122070312,123.87000274658203,123.93000030517578,,3902.0
2022-10-19 14:03:00-04:00,123.9000015258789,124.22000122070312,123.89009857177734,124.22000122070312,,12418.0
2022-10-19 14:04:00-04:00,124.22229766845703,124.29000091552734,123.8499984741211,123.8499984741211,,11988.0
2022-10-19 14:05:00-04:00,123.8949966430664,124.09649658203125,123.85810089111328,124.0,,4170.0
2022-10-19 14:06:00-04:00,123.94999694824219,124.12999725341797,123.94000244140625,124.01000213623047,,5306.0
2022-10-19 14:07:00-04:00,124.01000213623047,124.0199966430664,123.8010025024414,123.87999725341797,,18744.0
2022-10-19 14:08:00-04:00,123.87000274658203,124.05999755859375,123.81999969482422,123.98999786376953,,5492.0
2022-10-19 14:09:00-04:00,124.08000183105469,124.08000183105469,123.95999908447266,123.95999908447266,,5413.0
2022-10-19 14:10:00-04:00,123.96499633789062,123.9800033569336,123.89849853515625,123.94999694824219,,4710.0
2022-10-19 14:11:00-04:00,123.9800033569336,124.0199966430664,123.9800033569336,123.98999786376953,,4163.0
2022-10-19 14:12:00-04:00,124.04000091552734,124.08309936523438,123.94999694824219,124.0250015258789,,6554.0
2022-10-19 14:13:00-04:00,124.0250015258789,124.05000305175781,123.9800033569336,124.0,,6322.0
2022-10-19 14:14:00-04:00,124.02999877929688,124.09500122070312,123.99500274658203,124.09500122070312,,2351.0
2022-10-19 14:15:00-04:00,124.0999984741211,124.19999694824219,124.0999984741211,124.12999725341797,,8162.0
2022-10-19 14:16:00-04:00,124.10459899902344,124.1050033569336,124.05999755859375,124.08499908447266,,2846.0
2022-10-19 14:17:00-04:00,124.07830047607422,124.29000091552734,124.04000091552734,124.19000244140625,,7223.0
2022-10-19 14:18:00-04:00,124.26000213623047,124.30000305175781,124.16000366210938,124.23500061035156,,3189.0
2022-10-19 14:19:00-04:00,124.2699966430664,124.2699966430664,124.06999969482422,124.1500015258789,,6609.0
2022-10-19 14:20:00-04:00,124.1449966430664,124.2886962890625,124.12000274658203,124.12000274658203,,5132.0
2022-10-19 14:21:00-04:00,124.1072006225586,124.16000366210938,124.04010009765625,124.1500015258789,,10751.0
2022-10-19 14:22:00-04:00,124.12000274658203,124.15499877929688,123.97000122070312,124.0,,5561.0
2022-10-19 14:23:00-04:00,123.97489929199219,124.04000091552734,123.97489929199219,124.02999877929688,,4669.0
2022-10-19 14:24:00-04:00,124.01000213623047,124.05000305175781,123.87999725341797,123.98999786376953,,8687.0
2022-10-19 14:25:00-04:00,124.0199966430664,124.1698989868164,124.01000213623047,124.1698989868164,,3913.0
2022-10-19 14:26:00-04:00,124.16999816894531,124.26000213623047,124.0,124.0,,9731.0
2022-10-19 14:27:00-04:00,124.00350189208984,124.00350189208984,123.9000015258789,123.95999908447266,,3254.0
2022-10-19 14:28:00-04:00,123.93000030517578,123.97000122070312,123.93000030517578,123.97000122070312,,958.0
2022-10-19 14:29:00-04:00,123.91000366210938,124.05000305175781,123.91000366210938,123.98999786376953,,7349.0
2022-10-19 14:30:00-04:00,123.9800033569336,124.06999969482422,123.95999908447266,124.06999969482422,,10674.0
2022-10-19 14:31:00-04:00,124.08499908447266,124.08999633789062,124.04000091552734,124.06999969482422,,6304.0
2022-10-19 14:32:00-04:00,124.03500366210938,124.12000274658203,124.03500366210938,124.08499908447266,,4125.0
2022-10-19 14:33:00-04:00,123.9000015258789,123.91000366210938,123.88500213623047,123.89299774169922,,11670.0
2022-10-19 14:34:00-04:00,123.9000015258789,123.9000015258789,123.7300033569336,123.77999877929688,,12344.0
2022-10-19 14:35:00-04:00,123.77549743652344,123.94999694824219,123.77549743652344,123.93000030517578,,8177.0
2022-10-19 14:36:00-04:00,123.93000030517578,123.93000030517578,123.80000305175781,123.80999755859375,,7466.0
2022-10-19 14:37:00-04:00,123.75,123.80000305175781,123.69999694824219,123.73999786376953,,6611.0
2022-10-19 14:38:00-04:00,123.7300033569336,123.80000305175781,123.68000030517578,123.79000091552734,,14089.0
2022-10-19 14:39:00-04:00,123.78500366210938,123.87999725341797,123.66999816894531,123.66999816894531,,8468.0
2022-10-19 14:40:00-04:00,123.66999816894531,123.69999694824219,123.5199966430664,123.54000091552734,,7064.0
2022-10-19 14:42:00-04:00,123.41999816894531,123.72000122070312,123.41999816894531,123.71499633789062,,30381.0
2022-10-19 14:43:00-04:00,123.71499633789062,123.71990203857422,123.61000061035156,123.61499786376953,,8685.0
2022-10-19 14:44:00-04:00,123.5999984741211,123.5999984741211,123.48999786376953,123.48999786376953,,2617.0
2022-10-19 14:45:00-04:00,123.44000244140625,123.44000244140625,123.30999755859375,123.36000061035156,,18295.0
2022-10-19 14:46:00-04:00,123.41999816894531,123.43000030517578,123.11000061035156,123.11000061035156,,16249.0
2022-10-19 14:47:00-04:00,123.1500015258789,123.18000030517578,123.04000091552734,123.08989715576172,,8621.0
2022-10-19 14:48:00-04:00,123.05000305175781,123.12000274658203,123.05000305175781,123.08999633789062,,10908.0
2022-10-19 14:49:00-04:00,123.07499694824219,123.18990325927734,122.98300170898438,123.11000061035156,,17155.0
2022-10-19 14:50:00-04:00,123.0999984741211,123.26000213623047,123.05000305175781,123.125,,9911.0
2022-10-19 14:51:00-04:00,123.0999984741211,123.11000061035156,123.05000305175781,123.05999755859375,,6179.0
2022-10-19 14:52:00-04:00,123.05999755859375,123.0999984741211,123.0,123.01000213623047,,8726.0
2022-10-19 14:53:00-04:00,123.04000091552734,123.13999938964844,123.01000213623047,123.11000061035156,,10125.0
2022-10-19 14:54:00-04:00,123.0999984741211,123.16999816894531,123.02999877929688,123.08999633789062,,12995.0
2022-10-19 14:55:00-04:00,123.07250213623047,123.12999725341797,123.05000305175781,123.0999984741211,,4261.0
2022-10-19 14:56:00-04:00,123.0999984741211,123.1500015258789,123.04000091552734,123.06999969482422,,7136.0
2022-10-19 14:57:00-04:00,123.11000061035156,123.11499786376953,123.06999969482422,123.11000061035156,,4391.0
2022-10-19 14:58:00-04:00,123.06999969482422,123.0999984741211,122.98500061035156,122.98500061035156,,9337.0
2022-10-19 14:59:00-04:00,123.0999984741211,123.0999984741211,123.01000213623047,123.06999969482422,,13128.0
2022-10-19 15:00:00-04:00,123.08999633789062,123.19999694824219,123.08999633789062,123.13999938964844,,7930.0
2022-10-19 15:01:00-04:00,123.11000061035156,123.27999877929688,123.0999984741211,123.22000122070312,,15924.0
2022-10-19 15:02:00-04:00,123.22000122070312,123.36000061035156,123.19999694824219,123.33000183105469,,11379.0
2022-10-19 15:03:00-04:00,123.27999877929688,123.54000091552734,123.22000122070312,123.4749984741211,,10760.0
2022-10-19 15:04:00-04:00,123.44999694824219,123.55000305175781,123.30999755859375,123.30999755859375,,12533.0
2022-10-19 15:05:00-04:00,123.3499984741211,123.43000030517578,123.3301010131836,123.42500305175781,,6150.0
2022-10-19 15:06:00-04:00,123.37999725341797,123.37999725341797,123.20999908447266,123.27999877929688,,8392.0
2022-10-19 15:07:00-04:00,123.29000091552734,123.33999633789062,123.19000244140625,123.23999786376953,,33212.0
2022-10-19 15:08:00-04:00,123.2699966430664,123.58499908447266,123.2699966430664,123.55999755859375,,16171.0
2022-10-19 15:09:00-04:00,123.55000305175781,123.69999694824219,123.52999877929688,123.62010192871094,,18899.0
2022-10-19 15:10:00-04:00,123.66999816894531,123.94999694824219,123.66999816894531,123.82499694824219,,14543.0
2022-10-19 15:11:00-04:00,123.81999969482422,123.83409881591797,123.66000366210938,123.7249984741211,,11191.0
2022-10-19 15:12:00-04:00,123.72000122070312,123.80999755859375,123.56999969482422,123.62000274658203,,13083.0
2022-10-19 15:13:00-04:00,123.63500213623047,123.66999816894531,123.56999969482422,123.66500091552734,,4376.0
2022-10-19 15:14:00-04:00,123.66999816894531,123.69000244140625,123.61000061035156,123.66000366210938,,7443.0
2022-10-19 15:15:00-04:00,123.55999755859375,123.81999969482422,123.55999755859375,123.80699920654297,,22694.0
2022-10-19 15:16:00-04:00,123.80500030517578,123.90499877929688,123.77999877929688,123.79000091552734,,14671.0
2022-10-19 15:17:00-04:00,123.83000183105469,123.88069915771484,123.5999984741211,123.63500213623047,,7520.0
2022-10-19 15:18:00-04:00,123.7300033569336,123.7699966430664,123.67500305175781,123.69999694824219,,8659.0
2022-10-19 15:19:00-04:00,123.71499633789062,123.83000183105469,123.6500015258789,123.81999969482422,,14058.0
2022-10-19 15:20:00-04:00,123.83000183105469,123.94999694824219,123.80000305175781,123.92500305175781,,9289.0
2022-10-19 15:21:00-04:00,124.19989776611328,124.19999694824219,123.88999938964844,124.19989776611328,,20069.0
2022-10-19 15:22:00-04:00,124.16000366210938,124.16000366210938,124.0,124.0,,7958.0
2022-10-19 15:23:00-04:00,123.91000366210938,123.91999816894531,123.88999938964844,123.9000015258789,,12664.0
2022-10-19 15:24:00-04:00,123.76000213623047,123.76000213623047,123.70999908447266,123.70999908447266,,13098.0
2022-10-19 15:25:00-04:00,123.72000122070312,123.87999725341797,123.68000030517578,123.84500122070312,,12248.0
2022-10-19 15:26:00-04:00,123.83000183105469,123.9000015258789,123.80000305175781,123.9000015258789,,10723.0
2022-10-19 15:27:00-04:00,123.87999725341797,123.9020004272461,123.64009857177734,123.68000030517578,,16101.0
2022-10-19 15:28:00-04:00,123.69000244140625,123.69499969482422,123.48999786376953,123.62999725341797,,11494.0
2022-10-19 15:29:00-04:00,123.62999725341797,123.66999816894531,123.58999633789062,123.62999725341797,,10687.0
2022-10-19 15:30:00-04:00,123.62000274658203,123.70999908447266,123.54499816894531,123.62000274658203,,17764.0
2022-10-19 15:31:00-04:00,123.625,123.83999633789062,123.625,123.83000183105469,,18884.0
2022-10-19 15:32:00-04:00,123.83999633789062,123.83999633789062,123.69000244140625,123.83999633789062,,14130.0
2022-10-19 15:33:00-04:00,123.88500213623047,123.98500061035156,123.74500274658203,123.80000305175781,,15353.0
2022-10-19 15:34:00-04:00,123.76599884033203,123.93000030517578,123.76599884033203,123.93000030517578,,12299.0
2022-10-19 15:35:00-04:00,123.94999694824219,123.97000122070312,123.80000305175781,123.88999938964844,,11986.0
2022-10-19 15:36:00-04:00,123.86000061035156,124.02999877929688,123.86000061035156,124.0,,20812.0
2022-10-19 15:37:00-04:00,123.98999786376953,124.05999755859375,123.88999938964844,124.05000305175781,,13882.0
2022-10-19 15:38:00-04:00,124.05999755859375,124.11000061035156,123.81999969482422,123.81999969482422,,21521.0
2022-10-19 15:39:00-04:00,123.83999633789062,123.97000122070312,123.77999877929688,123.9000015258789,,14611.0
2022-10-19 15:40:00-04:00,123.83999633789062,123.95999908447266,123.7300033569336,123.83000183105469,,47889.0
2022-10-19 15:41:00-04:00,123.83499908447266,123.88999938964844,123.7699966430664,123.83000183105469,,8409.0
2022-10-19 15:42:00-04:00,123.84500122070312,123.84500122070312,123.69010162353516,123.69010162353516,,16859.0
2022-10-19 15:43:00-04:00,123.69999694824219,123.69999694824219,123.52010345458984,123.66000366210938,,25572.0
2022-10-19 15:44:00-04:00,123.62999725341797,123.73500061035156,123.5999984741211,123.69000244140625,,34848.0
2022-10-19 15:45:00-04:00,123.70999908447266,123.70999908447266,123.66000366210938,123.66999816894531,,4582.0
2022-10-19 15:46:00-04:00,123.62000274658203,123.66500091552734,123.4800033569336,123.66000366210938,,48714.0
2022-10-19 15:47:00-04:00,123.66000366210938,123.83000183105469,123.66000366210938,123.81999969482422,,37782.0
2022-10-19 15:48:00-04:00,123.83000183105469,123.87000274658203,123.6500015258789,123.72000122070312,,23080.0
2022-10-19 15:49:00-04:00,123.71499633789062,123.75,123.58999633789062,123.69999694824219,,20307.0
2022-10-19 15:50:00-04:00,123.69999694824219,123.76000213623047,123.5199966430664,123.58999633789062,,60726.0
2022-10-19 15:51:00-04:00,123.58000183105469,123.58999633789062,123.33000183105469,123.33999633789062,,50870.0
2022-10-19 15:52:00-04:00,123.33999633789062,123.37999725341797,123.31999969482422,123.37000274658203,,34893.0
2022-10-19 15:53:00-04:00,123.38999938964844,123.69000244140625,123.33000183105469,123.66000366210938,,50455.0
2022-10-19 15:54:00-04:00,123.66000366210938,123.79000091552734,123.65010070800781,123.73999786376953,,63667.0
2022-10-19 15:55:00-04:00,123.70999908447266,123.73999786376953,123.37999725341797,123.4800033569336,,59711.0
2022-10-19 15:56:00-04:00,123.4800033569336,123.55000305175781,123.41999816894531,123.49500274658203,,49377.0
2022-10-19 15:57:00-04:00,123.4800033569336,123.48999786376953,123.41000366210938,123.43499755859375,,64972.0
2022-10-19 15:58:00-04:00,123.44000244140625,123.5199966430664,123.36499786376953,123.47000122070312,,89467.0
2022-10-19 15:59:00-04:00,123.47000122070312,123.54000091552734,123.4000015258789,123.52999877929688,,127290.0
2022-10-20 09:30:00-04:00,122.94000244140625,123.30000305175781,122.41000366210938,122.54229736328125,,137149.0
2022-10-20 09:31:00-04:00,122.87000274658203,124.55000305175781,122.79000091552734,124.16999816894531,,30535.0
2022-10-20 09:32:00-04:00,124.11499786376953,124.3550033569336,123.61000061035156,124.30619812011719,,17108.0
2022-10-20 09:33:00-04:00,124.29000091552734,124.29000091552734,123.125,123.56999969482422,,15541.0
2022-10-20 09:34:00-04:00,123.36009979248047,123.66000366210938,122.85299682617188,123.47000122070312,,19202.0
2022-10-20 09:35:00-04:00,123.45999908447266,123.98999786376953,123.0,123.87999725341797,,31033.0
2022-10-20 09:36:00-04:00,124.05000305175781,124.22989654541016,123.26000213623047,123.57499694824219,,17702.0
2022-10-20 09:37:00-04:00,123.4000015258789,123.67500305175781,123.33000183105469,123.67500305175781,,8671.0
2022-10-20 09:38:00-04:00,123.83000183105469,124.0199966430664,123.5884017944336,124.0199966430664,,11902.0
2022-10-20 09:39:00-04:00,123.9800033569336,124.04000091552734,123.12999725341797,123.3666000366211,,11643.0
2022-10-20 09:40:00-04:00,123.22000122070312,123.69999694824219,123.22000122070312,123.61000061035156,,6441.0
2022-10-20 09:41:00-04:00,123.79000091552734,123.83000183105469,123.54000091552734,123.80000305175781,,9102.0
2022-10-20 09:42:00-04:00,123.88999938964844,123.9800033569336,123.56999969482422,123.70999908447266,,9213.0
2022-10-20 09:43:00-04:00,123.83000183105469,124.16000366210938,123.69999694824219,124.0250015258789,,12142.0
2022-10-20 09:44:00-04:00,124.0250015258789,124.43000030517578,123.69000244140625,124.43000030517578,,12040.0
2022-10-20 09:45:00-04:00,124.3499984741211,124.69000244140625,124.19000244140625,124.56999969482422,,36917.0
2022-10-20 09:46:00-04:00,124.57499694824219,124.67510223388672,124.16000366210938,124.16000366210938,,16054.0
2022-10-20 09:47:00-04:00,124.26000213623047,124.30999755859375,123.83999633789062,123.8499984741211,,10830.0
2022-10-20 09:48:00-04:00,123.95500183105469,124.05999755859375,123.68000030517578,123.75,,26531.0
2022-10-20 09:49:00-04:00,123.7699966430664,123.87999725341797,123.57219696044922,123.65499877929688,,10933.0
2022-10-20 09:50:00-04:00,123.70999908447266,124.28500366210938,123.62000274658203,124.07499694824219,,21777.0
2022-10-20 09:51:00-04:00,124.07499694824219,124.4800033569336,123.98999786376953,124.18000030517578,,22624.0
2022-10-20 09:52:00-04:00,124.18499755859375,124.21499633789062,123.91000366210938,124.0,,8971.0
2022-10-20 09:53:00-04:00,123.99500274658203,124.1449966430664,123.76000213623047,123.88999938964844,,7905.0
2022-10-20 09:54:00-04:00,123.87000274658203,123.87000274658203,123.33999633789062,123.5999984741211,,18256.0
2022-10-20 09:55:00-04:00,123.52999877929688,123.79000091552734,123.31999969482422,123.79000091552734,,16381.0
2022-10-20 09:56:00-04:00,123.52999877929688,123.73999786376953,123.44999694824219,123.73999786376953,,24159.0
2022-10-20 09:57:00-04:00,123.73500061035156,124.0999984741211,123.73500061035156,123.87999725341797,,13181.0
2022-10-20 09:58:00-04:00,123.91500091552734,123.91500091552734,123.5999984741211,123.5999984741211,,10189.0
2022-10-20 09:59:00-04:00,123.55999755859375,123.55999755859375,123.12000274658203,123.12000274658203,,12728.0
2022-10-20 10:00:00-04:00,123.23999786376953,123.2750015258789,122.89720153808594,123.23999786376953,,24234.0
2022-10-20 10:01:00-04:00,123.19999694824219,123.48999786376953,123.08000183105469,123.44000244140625,,9727.0
2022-10-20 10:02:00-04:00,123.4000015258789,123.66999816894531,123.2300033569336,123.38500213623047,,6287.0
2022-10-20 10:03:00-04:00,123.27999877929688,123.34989929199219,123.08999633789062,123.0999984741211,,8047.0
2022-10-20 10:04:00-04:00,123.0999984741211,123.0999984741211,122.88999938964844,122.98999786376953,,12429.0
2022-10-20 10:05:00-04:00,122.94999694824219,123.33000183105469,122.83999633789062,123.31500244140625,,11661.0
2022-10-20 10:06:00-04:00,123.30999755859375,123.69879913330078,123.30999755859375,123.66220092773438,,13817.0
2022-10-20 10:07:00-04:00,123.6449966430664,123.77909851074219,123.43000030517578,123.49500274658203,,11676.0
2022-10-20 10:08:00-04:00,123.5,123.61000061035156,123.08000183105469,123.16999816894531,,8837.0
2022-10-20 10:09:00-04:00,123.16999816894531,123.6312026977539,123.11000061035156,123.6312026977539,,12066.0
2022-10-20 10:10:00-04:00,123.63999938964844,123.69999694824219,123.48999786376953,123.66999816894531,,6975.0
2022-10-20 10:11:00-04:00,123.61810302734375,123.75,123.39309692382812,123.67559814453125,,7863.0
2022-10-20 10:12:00-04:00,123.69999694824219,123.72000122070312,123.44999694824219,123.68800354003906,,9452.0
2022-10-20 10:13:00-04:00,123.55999755859375,123.61000061035156,123.44999694824219,123.44999694824219,,4726.0
2022-10-20 10:14:00-04:00,123.55999755859375,123.55999755859375,123.2300033569336,123.27999877929688,,5005.0
2022-10-20 10:15:00-04:00,123.33000183105469,123.5999984741211,123.30000305175781,123.56999969482422,,2885.0
2022-10-20 10:16:00-04:00,123.63500213623047,123.83999633789062,123.45999908447266,123.52999877929688,,13248.0
2022-10-20 10:17:00-04:00,123.58999633789062,123.70500183105469,123.45010375976562,123.61000061035156,,7672.0
2022-10-20 10:18:00-04:00,123.68000030517578,123.8499984741211,123.54000091552734,123.79000091552734,,5487.0
2022-10-20 10:19:00-04:00,123.80000305175781,124.2300033569336,123.80000305175781,124.16500091552734,,9727.0
2022-10-20 10:20:00-04:00,124.14009857177734,124.14009857177734,124.0199966430664,124.06999969482422,,25922.0
2022-10-20 10:21:00-04:00,124.0199966430664,124.0199966430664,123.67009735107422,123.79340362548828,,16893.0
2022-10-20 10:22:00-04:00,123.78810119628906,124.05999755859375,123.69000244140625,124.05999755859375,,6544.0
2022-10-20 10:23:00-04:00,124.03500366210938,124.08999633789062,123.66000366210938,123.66000366210938,,11654.0
2022-10-20 10:24:00-04:00,123.71499633789062,123.94000244140625,123.62000274658203,123.80000305175781,,5938.0
2022-10-20 10:25:00-04:00,123.79000091552734,123.87000274658203,123.7300033569336,123.80000305175781,,6581.0
2022-10-20 10:26:00-04:00,123.86499786376953,123.86499786376953,123.59010314941406,123.59010314941406,,9921.0
2022-10-20 10:27:00-04:00,123.66999816894531,123.69999694824219,123.29000091552734,123.37000274658203,,9414.0
2022-10-20 10:28:00-04:00,123.36000061035156,123.46489715576172,123.33000183105469,123.33000183105469,,8625.0
2022-10-20 10:29:00-04:00,123.38999938964844,123.65499877929688,123.38999938964844,123.65499877929688,,9639.0
2022-10-20 10:30:00-04:00,123.65499877929688,123.81999969482422,123.44000244140625,123.53500366210938,,5368.0
2022-10-20 10:31:00-04:00,123.45999908447266,123.45999908447266,123.12000274658203,123.19999694824219,,8176.0
2022-10-20 10:32:00-04:00,123.19000244140625,123.19000244140625,123.02999877929688,123.14199829101562,,8683.0
2022-10-20 10:33:00-04:00,123.1500015258789,123.23999786376953,123.0999984741211,123.23999786376953,,4581.0
2022-10-20 10:34:00-04:00,123.30999755859375,123.37999725341797,123.2300033569336,123.30139923095703,,12247.0
2022-10-20 10:35:00-04:00,123.33000183105469,123.33000183105469,123.08000183105469,123.08000183105469,,16963.0
2022-10-20 10:36:00-04:00,123.18000030517578,123.22000122070312,123.12000274658203,123.18000030517578,,21722.0
2022-10-20 10:37:00-04:00,123.19999694824219,123.36000061035156,123.18000030517578,123.25,,10054.0
2022-10-20 10:38:00-04:00,123.23500061035156,123.29000091552734,123.07499694824219,123.1500015258789,,9977.0
2022-10-20 10:39:00-04:00,123.12000274658203,123.34500122070312,123.05000305175781,123.34500122070312,,7137.0
2022-10-20 10:40:00-04:00,123.43000030517578,123.45999908447266,123.0999984741211,123.16999816894531,,5302.0
2022-10-20 10:41:00-04:00,123.0999984741211,123.14990234375,122.91000366210938,123.02999877929688,,11433.0
2022-10-20 10:42:00-04:00,123.02999877929688,123.02999877929688,122.69999694824219,122.83000183105469,,15194.0
2022-10-20 10:43:00-04:00,122.81999969482422,122.91999816894531,122.72000122070312,122.9000015258789,,11366.0
2022-10-20 10:44:00-04:00,122.97000122070312,122.9749984741211,122.69999694824219,122.79720306396484,,6845.0
2022-10-20 10:45:00-04:00,122.8499984741211,122.9220962524414,122.74500274658203,122.7750015258789,,3541.0
2022-10-20 10:46:00-04:00,122.81999969482422,122.95999908447266,122.81999969482422,122.91020202636719,,9905.0
2022-10-20 10:47:00-04:00,122.9000015258789,123.01499938964844,122.83000183105469,123.01499938964844,,1887.0
2022-10-20 10:48:00-04:00,122.94000244140625,123.0,122.94000244140625,123.0,,8688.0
2022-10-20 10:49:00-04:00,122.87000274658203,123.06999969482422,122.87000274658203,122.9000015258789,,14112.0
2022-10-20 10:50:00-04:00,122.91960144042969,123.01000213623047,122.81999969482422,122.87000274658203,,4634.0
2022-10-20 10:51:00-04:00,122.81999969482422,123.04000091552734,122.81999969482422,122.87000274658203,,9671.0
2022-10-20 10:52:00-04:00,122.8740005493164,122.8949966430664,122.75,122.78990173339844,,3350.0
2022-10-20 10:53:00-04:00,122.72000122070312,122.73999786376953,122.56009674072266,122.63009643554688,,6501.0
2022-10-20 10:54:00-04:00,122.66000366210938,122.72000122070312,122.54000091552734,122.61000061035156,,8896.0
2022-10-20 10:55:00-04:00,122.5999984741211,122.79000091552734,122.5,122.5905990600586,,13539.0
2022-10-20 10:56:00-04:00,122.625,122.73999786376953,122.56999969482422,122.61000061035156,,5927.0
2022-10-20 10:57:00-04:00,122.58999633789062,122.83000183105469,122.58999633789062,122.82859802246094,,5541.0
2022-10-20 10:58:00-04:00,122.80000305175781,122.9000015258789,122.70999908447266,122.86229705810547,,5681.0
2022-10-20 10:59:00-04:00,122.88999938964844,123.0,122.86000061035156,123.0,,7978.0
2022-10-20 11:00:00-04:00,122.98999786376953,123.05000305175781,122.9791030883789,123.05000305175781,,6009.0
2022-10-20 11:01:00-04:00,122.80999755859375,122.80999755859375,122.54070281982422,122.59500122070312,,14631.0
2022-10-20 11:02:00-04:00,122.55000305175781,122.66000366210938,122.55000305175781,122.55000305175781,,3103.0
2022-10-20 11:03:00-04:00,122.4800033569336,122.54000091552734,122.4103012084961,122.4103012084961,,32206.0
2022-10-20 11:04:00-04:00,122.47000122070312,122.56999969482422,122.41999816894531,122.4800033569336,,6836.0
2022-10-20 11:05:00-04:00,122.44000244140625,122.60130310058594,122.38999938964844,122.60130310058594,,3888.0
2022-10-20 11:06:00-04:00,122.55000305175781,122.77140045166016,122.5105972290039,122.65889739990234,,5958.0
2022-10-20 11:07:00-04:00,122.66000366210938,122.66999816894531,122.48999786376953,122.66999816894531,,6066.0
2022-10-20 11:08:00-04:00,122.62999725341797,122.6500015258789,122.37000274658203,122.40979766845703,,14335.0
2022-10-20 11:09:00-04:00,122.38999938964844,122.66999816894531,122.38999938964844,122.61000061035156,,5942.0
2022-10-20 11:10:00-04:00,122.55999755859375,122.72000122070312,122.47000122070312,122.70999908447266,,7241.0
2022-10-20 11:11:00-04:00,122.70500183105469,122.83000183105469,122.66500091552734,122.83000183105469,,4630.0
2022-10-20 11:12:00-04:00,122.81999969482422,122.94000244140625,122.72000122070312,122.94000244140625,,4308.0
2022-10-20 11:13:00-04:00,122.87000274658203,123.0199966430664,122.8499984741211,123.00499725341797,,29300.0
2022-10-20 11:14:00-04:00,123.0,123.0,122.69999694824219,122.79000091552734,,6101.0
2022-10-20 11:15:00-04:00,122.77999877929688,122.77999877929688,122.59259796142578,122.59259796142578,,4186.0
2022-10-20 11:16:00-04:00,122.58999633789062,122.75,122.58999633789062,122.72000122070312,,7537.0
2022-10-20 11:17:00-04:00,122.68000030517578,122.68000030517578,122.33999633789062,122.38500213623047,,13998.0
2022-10-20 11:18:00-04:00,122.38999938964844,122.41300201416016,122.11000061035156,122.13999938964844,,32148.0
2022-10-20 11:19:00-04:00,122.17500305175781,122.21990203857422,121.91000366210938,122.02999877929688,,51282.0
2022-10-20 11:20:00-04:00,122.04000091552734,122.13999938964844,121.91999816894531,122.11000061035156,,13117.0
2022-10-20 11:21:00-04:00,122.05000305175781,122.07499694824219,121.94000244140625,121.94000244140625,,8949.0
2022-10-20 11:22:00-04:00,121.94999694824219,122.08000183105469,121.94999694824219,122.06999969482422,,12867.0
2022-10-20 11:23:00-04:00,122.0199966430664,122.12000274658203,121.95999908447266,122.0999984741211,,15592.0
2022-10-20 11:24:00-04:00,122.1050033569336,122.1250991821289,121.95999908447266,122.0199966430664,,5581.0
2022-10-20 11:25:00-04:00,122.04499816894531,122.06500244140625,121.75,121.75,,13386.0
2022-10-20 11:26:00-04:00,121.75,121.75,121.44000244140625,121.48719787597656,,18422.0
2022-10-20 11:27:00-04:00,121.19999694824219,121.19999694824219,121.02999877929688,121.19999694824219,,52368.0
2022-10-20 11:28:00-04:00,121.19999694824219,121.19999694824219,120.94000244140625,121.05000305175781,,26335.0
2022-10-20 11:29:00-04:00,120.99500274658203,121.19989776611328,120.77999877929688,121.0999984741211,,24005.0
2022-10-20 11:30:00-04:00,121.0999984741211,121.15809631347656,120.94999694824219,121.11009979248047,,8674.0
2022-10-20 11:31:00-04:00,121.13500213623047,121.1978988647461,121.0824966430664,121.15499877929688,,11015.0
2022-10-20 11:32:00-04:00,121.13179779052734,121.30000305175781,121.13179779052734,121.30000305175781,,9664.0
2022-10-20 11:33:00-04:00,121.2699966430664,121.27999877929688,120.97000122070312,121.04000091552734,,19808.0
2022-10-20 11:34:00-04:00,121.12999725341797,121.16000366210938,121.00189971923828,121.05000305175781,,12070.0
2022-10-20 11:35:00-04:00,121.06500244140625,121.11000061035156,120.87000274658203,121.11000061035156,,8730.0
2022-10-20 11:36:00-04:00,121.13639831542969,121.20999908447266,121.07559967041016,121.12000274658203,,13675.0
2022-10-20 11:37:00-04:00,121.08000183105469,121.15499877929688,121.08000183105469,121.15499877929688,,2000.0
2022-10-20 11:38:00-04:00,121.0999984741211,121.12999725341797,121.0,121.12999725341797,,19074.0
2022-10-20 11:39:00-04:00,121.06999969482422,121.11499786376953,121.02999877929688,121.1010971069336,,9724.0
2022-10-20 11:40:00-04:00,121.12999725341797,121.12999725341797,121.04000091552734,121.08000183105469,,9245.0
2022-10-20 11:41:00-04:00,121.08999633789062,121.11000061035156,121.0199966430664,121.0199966430664,,11530.0
2022-10-20 11:42:00-04:00,121.0199966430664,121.0199966430664,120.83999633789062,120.83999633789062,,8637.0
2022-10-20 11:43:00-04:00,120.86499786376953,121.01000213623047,120.80999755859375,120.84040069580078,,21073.0
2022-10-20 11:44:00-04:00,120.83999633789062,120.83999633789062,120.61000061035156,120.62999725341797,,21776.0
2022-10-20 11:45:00-04:00,120.62999725341797,120.66000366210938,120.44000244140625,120.45999908447266,,28172.0
2022-10-20 11:46:00-04:00,120.48999786376953,120.48999786376953,120.4000015258789,120.4800033569336,,18657.0
2022-10-20 11:47:00-04:00,120.5,120.52999877929688,120.4000015258789,120.45999908447266,,14554.0
2022-10-20 11:48:00-04:00,120.43000030517578,120.53500366210938,120.41000366210938,120.53500366210938,,7249.0
2022-10-20 11:49:00-04:00,120.51000213623047,120.78299713134766,120.51000213623047,120.78299713134766,,10135.0
2022-10-20 11:50:00-04:00,120.69000244140625,120.78720092773438,120.58999633789062,120.78720092773438,,10455.0
2022-10-20 11:51:00-04:00,120.7699966430664,120.93000030517578,120.7699966430664,120.88860321044922,,6715.0
2022-10-20 11:52:00-04:00,120.87999725341797,121.56999969482422,120.83999633789062,121.16000366210938,,55105.0
2022-10-20 11:53:00-04:00,121.19999694824219,121.2300033569336,121.0999984741211,121.12000274658203,,12587.0
2022-10-20 11:54:00-04:00,121.13500213623047,121.16000366210938,121.01000213623047,121.0999984741211,,5588.0
2022-10-20 11:55:00-04:00,121.01000213623047,121.05000305175781,120.9000015258789,121.0199966430664,,6533.0
2022-10-20 11:56:00-04:00,121.08999633789062,121.13999938964844,120.9000015258789,120.9000015258789,,6080.0
2022-10-20 11:57:00-04:00,120.91999816894531,121.01000213623047,120.80000305175781,120.81999969482422,,7447.0
2022-10-20 11:58:00-04:00,120.77999877929688,120.98999786376953,120.7699966430664,120.88999938964844,,12469.0
2022-10-20 11:59:00-04:00,120.875,120.87999725341797,120.7699966430664,120.80999755859375,,5591.0
2022-10-20 12:00:00-04:00,120.83000183105469,120.91000366210938,120.81999969482422,120.91000366210938,,4607.0
2022-10-20 12:01:00-04:00,120.8291015625,120.93000030517578,120.70999908447266,120.93000030517578,,16356.0
2022-10-20 12:02:00-04:00,120.88999938964844,120.90989685058594,120.87999725341797,120.90989685058594,,21921.0
2022-10-20 12:03:00-04:00,120.86000061035156,121.02999877929688,120.86000061035156,121.0199966430664,,13883.0
2022-10-20 12:04:00-04:00,120.97000122070312,120.98500061035156,120.84960174560547,120.87000274658203,,10162.0
2022-10-20 12:05:00-04:00,120.83999633789062,120.88999938964844,120.75,120.83000183105469,,6916.0
2022-10-20 12:06:00-04:00,120.81999969482422,120.83000183105469,120.62999725341797,120.68000030517578,,10749.0
2022-10-20 12:07:00-04:00,120.66999816894531,120.66999816894531,120.44999694824219,120.4800033569336,,17805.0
2022-10-20 12:08:00-04:00,120.41999816894531,120.41999816894531,120.26000213623047,120.3499984741211,,16396.0
2022-10-20 12:09:00-04:00,120.34400177001953,120.37999725341797,120.18000030517578,120.26499938964844,,12371.0
2022-10-20 12:10:00-04:00,120.22000122070312,120.41000366210938,120.22000122070312,120.41000366210938,,8644.0
2022-10-20 12:11:00-04:00,120.42500305175781,120.55999755859375,120.3499984741211,120.55000305175781,,8482.0
2022-10-20 12:12:00-04:00,120.5199966430664,120.625,120.45999908447266,120.52999877929688,,13579.0
2022-10-20 12:13:00-04:00,120.56999969482422,120.5999984741211,120.47000122070312,120.5,,4490.0
2022-10-20 12:14:00-04:00,120.5780029296875,120.7300033569336,120.5,120.72720336914062,,6242.0
2022-10-20 12:15:00-04:00,120.65499877929688,121.002197265625,120.65499877929688,121.002197265625,,7912.0
2022-10-20 12:16:00-04:00,120.94499969482422,121.0,120.84290313720703,120.8499984741211,,12643.0
2022-10-20 12:17:00-04:00,120.83999633789062,121.01000213623047,120.80000305175781,120.97000122070312,,11712.0
2022-10-20 12:18:00-04:00,120.93000030517578,120.98999786376953,120.80000305175781,120.98999786376953,,9621.0
2022-10-20 12:19:00-04:00,120.99349975585938,121.11000061035156,120.83000183105469,121.0999984741211,,19317.0
2022-10-20 12:20:00-04:00,121.06999969482422,121.06999969482422,120.58000183105469,120.58000183105469,,14589.0
2022-10-20 12:21:00-04:00,120.55999755859375,120.61000061035156,120.44210052490234,120.61000061035156,,11670.0
2022-10-20 12:22:00-04:00,120.47750091552734,120.7300033569336,120.44000244140625,120.70999908447266,,13254.0
2022-10-20 12:23:00-04:00,120.5999984741211,120.61000061035156,120.52999877929688,120.58999633789062,,2570.0
2022-10-20 12:24:00-04:00,120.62999725341797,120.63999938964844,120.58999633789062,120.63999938964844,,5163.0
2022-10-20 12:25:00-04:00,120.6500015258789,120.6500015258789,120.5250015258789,120.55999755859375,,4698.0
2022-10-20 12:26:00-04:00,120.55999755859375,120.55999755859375,120.44999694824219,120.48999786376953,,7492.0
2022-10-20 12:27:00-04:00,120.48999786376953,120.50499725341797,120.40399932861328,120.44999694824219,,8004.0
2022-10-20 12:28:00-04:00,120.43000030517578,120.43000030517578,120.30500030517578,120.33999633789062,,8731.0
2022-10-20 12:29:00-04:00,120.43000030517578,120.5,120.33000183105469,120.33000183105469,,9514.0
2022-10-20 12:30:00-04:00,120.33000183105469,120.38999938964844,120.29000091552734,120.33999633789062,,5653.0
2022-10-20 12:31:00-04:00,120.27999877929688,120.47000122070312,120.2699966430664,120.41999816894531,,12002.0
2022-10-20 12:32:00-04:00,120.42500305175781,120.46499633789062,120.36000061035156,120.36000061035156,,9860.0
2022-10-20 12:33:00-04:00,120.33000183105469,120.72000122070312,120.33000183105469,120.69000244140625,,18228.0
2022-10-20 12:34:00-04:00,120.6500015258789,120.69110107421875,120.58000183105469,120.5999984741211,,3631.0
2022-10-20 12:35:00-04:00,120.6500015258789,121.02999877929688,120.6500015258789,121.0,,7811.0
2022-10-20 12:36:00-04:00,121.01000213623047,121.05500030517578,120.83000183105469,120.9800033569336,,17040.0
2022-10-20 12:37:00-04:00,120.94000244140625,121.08999633789062,120.93000030517578,121.05719757080078,,15079.0
2022-10-20 12:38:00-04:00,120.98999786376953,121.08499908447266,120.86000061035156,120.86000061035156,,8978.0
2022-10-20 12:39:00-04:00,120.81999969482422,121.02999877929688,120.81999969482422,120.93000030517578,,8934.0
2022-10-20 12:40:00-04:00,120.9291000366211,121.09989929199219,120.9291000366211,121.05999755859375,,3640.0
2022-10-20 12:41:00-04:00,121.05999755859375,121.0999984741211,120.95999908447266,120.99500274658203,,5970.0
2022-10-20 12:42:00-04:00,121.01000213623047,121.01000213623047,120.91000366210938,120.97000122070312,,5396.0
2022-10-20 12:43:00-04:00,120.95999908447266,121.16000366210938,120.87000274658203,120.94000244140625,,15496.0
2022-10-20 12:44:00-04:00,120.92479705810547,120.92479705810547,120.7249984741211,120.79000091552734,,6462.0
2022-10-20 12:45:00-04:00,120.79000091552734,120.81500244140625,120.69999694824219,120.73999786376953,,5971.0
2022-10-20 12:46:00-04:00,120.66000366210938,120.81999969482422,120.66000366210938,120.80000305175781,,3520.0
2022-10-20 12:47:00-04:00,120.7699966430664,120.8499984741211,120.69000244140625,120.73999786376953,,4445.0
2022-10-20 12:48:00-04:00,120.69999694824219,120.83000183105469,120.69000244140625,120.78019714355469,,6276.0
2022-10-20 12:49:00-04:00,120.83999633789062,121.00399780273438,120.83999633789062,121.00399780273438,,4884.0
2022-10-20 12:50:00-04:00,121.01000213623047,121.05999755859375,120.9800033569336,121.04570007324219,,11987.0
2022-10-20 12:51:00-04:00,121.01499938964844,121.02999877929688,120.91999816894531,120.95999908447266,,3810.0
2022-10-20 12:52:00-04:00,121.0,121.06999969482422,120.9800033569336,120.98999786376953,,4367.0
2022-10-20 12:53:00-04:00,121.0199966430664,121.0199966430664,120.81999969482422,120.87000274658203,,5812.0
2022-10-20 12:54:00-04:00,120.77999877929688,121.06999969482422,120.77999877929688,121.06999969482422,,3510.0
2022-10-20 12:55:00-04:00,121.05000305175781,121.11990356445312,120.9800033569336,120.9800033569336,,3643.0
2022-10-20 12:56:00-04:00,120.97000122070312,121.19499969482422,120.94280242919922,121.16600036621094,,13716.0
2022-10-20 12:57:00-04:00,121.19850158691406,121.4000015258789,121.16000366210938,121.37000274658203,,4741.0
2022-10-20 12:58:00-04:00,121.31999969482422,121.36540222167969,121.23999786376953,121.27999877929688,,7381.0
2022-10-20 12:59:00-04:00,121.24500274658203,121.62190246582031,121.24500274658203,121.56659698486328,,11805.0
2022-10-20 13:00:00-04:00,121.58000183105469,121.62000274658203,121.3499984741211,121.38999938964844,,9637.0
2022-10-20 13:01:00-04:00,121.41000366210938,121.44999694824219,121.36499786376953,121.38999938964844,,2362.0
2022-10-20 13:02:00-04:00,121.3949966430664,121.43000030517578,121.21119689941406,121.21119689941406,,11425.0
2022-10-20 13:03:00-04:00,121.26000213623047,121.5199966430664,121.26000213623047,121.48999786376953,,113345.0
2022-10-20 13:04:00-04:00,121.48999786376953,121.9000015258789,121.48999786376953,121.8499984741211,,16584.0
2022-10-20 13:05:00-04:00,121.80999755859375,121.8499984741211,121.56999969482422,121.6155014038086,,7434.0
2022-10-20 13:06:00-04:00,121.71499633789062,121.71499633789062,121.56999969482422,121.56999969482422,,4206.0
2022-10-20 13:07:00-04:00,121.5958023071289,121.63500213623047,121.12000274658203,121.19000244140625,,6917.0
2022-10-20 13:08:00-04:00,121.22000122070312,121.25,121.11000061035156,121.11000061035156,,1465.0
2022-10-20 13:09:00-04:00,121.0979995727539,121.40499877929688,121.05020141601562,121.37999725341797,,2393.0
2022-10-20 13:10:00-04:00,121.37999725341797,121.41999816894531,121.26000213623047,121.27999877929688,,4817.0
2022-10-20 13:11:00-04:00,121.43190002441406,121.43190002441406,121.27999877929688,121.27999877929688,,7465.0
2022-10-20 13:12:00-04:00,121.32499694824219,121.32499694824219,121.2300033569336,121.26000213623047,,4196.0
2022-10-20 13:13:00-04:00,121.0999984741211,121.12000274658203,120.91999816894531,120.97000122070312,,18480.0
2022-10-20 13:14:00-04:00,120.93000030517578,120.94000244140625,120.81999969482422,120.81999969482422,,2361.0
2022-10-20 13:15:00-04:00,120.80000305175781,121.04000091552734,120.80000305175781,120.97660064697266,,8532.0
2022-10-20 13:16:00-04:00,120.972900390625,121.02999877929688,120.90499877929688,120.95500183105469,,19954.0
2022-10-20 13:17:00-04:00,120.97000122070312,121.18000030517578,120.97000122070312,121.04019927978516,,9991.0
2022-10-20 13:18:00-04:00,121.0250015258789,121.08499908447266,120.95999908447266,121.03500366210938,,5307.0
2022-10-20 13:19:00-04:00,121.05999755859375,121.0999984741211,121.0,121.02999877929688,,5654.0
2022-10-20 13:20:00-04:00,120.98999786376953,121.05999755859375,120.69999694824219,120.69999694824219,,15159.0
2022-10-20 13:21:00-04:00,120.72049713134766,120.97000122070312,120.66000366210938,120.94999694824219,,10891.0
2022-10-20 13:22:00-04:00,120.9800033569336,121.05000305175781,120.87000274658203,121.04000091552734,,6930.0
2022-10-20 13:23:00-04:00,120.98999786376953,120.98999786376953,120.88009643554688,120.88009643554688,,3345.0
2022-10-20 13:24:00-04:00,120.93000030517578,120.93000030517578,120.73999786376953,120.73999786376953,,5413.0
2022-10-20 13:25:00-04:00,120.75,121.04000091552734,120.68000030517578,120.9800033569336,,20901.0
2022-10-20 13:26:00-04:00,120.9800033569336,120.98500061035156,120.84619903564453,120.84619903564453,,6171.0
2022-10-20 13:27:00-04:00,121.0,121.04000091552734,120.9000015258789,120.9000015258789,,5954.0
2022-10-20 13:28:00-04:00,121.04499816894531,121.12220001220703,121.0,121.0082015991211,,1734.0
2022-10-20 13:29:00-04:00,121.0,121.46990203857422,120.91999816894531,121.44000244140625,,37091.0
2022-10-20 13:30:00-04:00,121.44000244140625,121.44000244140625,120.75,120.94000244140625,,18160.0
2022-10-20 13:31:00-04:00,120.81999969482422,120.95999908447266,120.70999908447266,120.70999908447266,,7961.0
2022-10-20 13:32:00-04:00,120.69999694824219,120.73999786376953,120.66999816894531,120.66999816894531,,4499.0
2022-10-20 13:33:00-04:00,120.71499633789062,120.8499984741211,120.66999816894531,120.71399688720703,,2328.0
2022-10-20 13:34:00-04:00,120.7249984741211,120.7249984741211,120.38999938964844,120.41999816894531,,18776.0
2022-10-20 13:35:00-04:00,120.41999816894531,120.47000122070312,120.12999725341797,120.18499755859375,,25494.0
2022-10-20 13:36:00-04:00,120.19170379638672,120.45999908447266,120.18499755859375,120.41000366210938,,19372.0
2022-10-20 13:37:00-04:00,120.41500091552734,120.43000030517578,120.29000091552734,120.29000091552734,,7569.0
2022-10-20 13:38:00-04:00,120.25,120.30500030517578,120.19999694824219,120.27999877929688,,3743.0
2022-10-20 13:39:00-04:00,120.11000061035156,120.1500015258789,120.05000305175781,120.12999725341797,,28897.0
2022-10-20 13:40:00-04:00,120.1051025390625,120.16999816894531,120.06999969482422,120.1050033569336,,6891.0
2022-10-20 13:41:00-04:00,120.1050033569336,120.16000366210938,119.83000183105469,119.91999816894531,,41057.0
2022-10-20 13:42:00-04:00,119.93499755859375,120.05000305175781,119.8550033569336,119.94999694824219,,14539.0
2022-10-20 13:43:00-04:00,119.97000122070312,120.125,119.97000122070312,120.08000183105469,,7867.0
2022-10-20 13:44:00-04:00,120.02999877929688,120.06500244140625,120.0,120.0,,3614.0
2022-10-20 13:45:00-04:00,120.0,120.08999633789062,119.9000015258789,120.02999877929688,,5276.0
2022-10-20 13:46:00-04:00,120.02999877929688,120.19000244140625,120.02539825439453,120.12999725341797,,12029.0
2022-10-20 13:47:00-04:00,120.0801010131836,120.2300033569336,120.04000091552734,120.2300033569336,,11837.0
2022-10-20 13:48:00-04:00,120.19999694824219,120.19999694824219,120.0199966430664,120.04000091552734,,6103.0
2022-10-20 13:49:00-04:00,120.0,120.0,119.79000091552734,119.79000091552734,,4612.0
2022-10-20 13:50:00-04:00,119.76000213623047,119.87999725341797,119.69999694824219,119.83000183105469,,6274.0
2022-10-20 13:51:00-04:00,119.84500122070312,120.04000091552734,119.80000305175781,120.0,,4040.0
2022-10-20 13:52:00-04:00,119.93000030517578,119.94999694824219,119.87999725341797,119.94999694824219,,1578.0
2022-10-20 13:53:00-04:00,119.98999786376953,120.04889678955078,119.94999694824219,120.0250015258789,,1962.0
2022-10-20 13:54:00-04:00,120.0250015258789,120.08000183105469,119.97000122070312,119.97000122070312,,3471.0
2022-10-20 13:55:00-04:00,119.94000244140625,120.0,119.9000015258789,119.94999694824219,,3186.0
2022-10-20 13:56:00-04:00,119.91000366210938,119.97000122070312,119.87000274658203,119.97000122070312,,1273.0
2022-10-20 13:57:00-04:00,119.97000122070312,119.97139739990234,119.87999725341797,119.97139739990234,,5291.0
2022-10-20 13:58:00-04:00,119.9000015258789,119.92500305175781,119.66999816894531,119.92500305175781,,32559.0
2022-10-20 13:59:00-04:00,119.93000030517578,119.9800033569336,119.73999786376953,119.83000183105469,,5582.0
2022-10-20 14:00:00-04:00,119.80000305175781,119.80999755859375,119.5999984741211,119.70649719238281,,19436.0
2022-10-20 14:01:00-04:00,119.6500015258789,119.67990112304688,119.55000305175781,119.55599975585938,,6156.0
2022-10-20 14:02:00-04:00,119.52999877929688,119.66000366210938,119.51000213623047,119.55000305175781,,18499.0
2022-10-20 14:03:00-04:00,119.54000091552734,119.54000091552734,119.3499984741211,119.43800354003906,,18828.0
2022-10-20 14:04:00-04:00,119.41000366210938,119.81999969482422,119.41000366210938,119.7300033569336,,20024.0
2022-10-20 14:05:00-04:00,119.56999969482422,119.62000274658203,119.4800033569336,119.58000183105469,,3876.0
2022-10-20 14:06:00-04:00,119.6050033569336,119.80000305175781,119.48999786376953,119.48999786376953,,7462.0
2022-10-20 14:07:00-04:00,119.48999786376953,119.48999786376953,119.33999633789062,119.33999633789062,,4807.0
2022-10-20 14:08:00-04:00,119.41999816894531,119.41999816894531,119.2300033569336,119.25499725341797,,5867.0
2022-10-20 14:09:00-04:00,119.2300033569336,119.31999969482422,119.20500183105469,119.30999755859375,,3695.0
2022-10-20 14:10:00-04:00,119.3499984741211,119.3499984741211,118.95999908447266,118.9749984741211,,24822.0
2022-10-20 14:11:00-04:00,119.0,119.14990234375,118.97000122070312,118.98999786376953,,6156.0
2022-10-20 14:12:00-04:00,118.98999786376953,119.03990173339844,118.88999938964844,118.88999938964844,,8420.0
2022-10-20 14:13:00-04:00,118.93000030517578,119.11000061035156,118.87000274658203,119.0999984741211,,14945.0
2022-10-20 14:14:00-04:00,119.05999755859375,119.12999725341797,119.0,119.01899719238281,,7640.0
2022-10-20 14:15:00-04:00,119.01000213623047,119.322998046875,118.94999694824219,119.322998046875,,8543.0
2022-10-20 14:16:00-04:00,119.37000274658203,119.5199966430664,119.22000122070312,119.3499984741211,,12122.0
2022-10-20 14:17:00-04:00,119.44999694824219,119.52999877929688,119.37000274658203,119.41000366210938,,10971.0
2022-10-20 14:18:00-04:00,119.37999725341797,119.5999984741211,119.37999725341797,119.41999816894531,,6201.0
2022-10-20 14:19:00-04:00,119.5199966430664,119.62000274658203,119.45999908447266,119.62000274658203,,8009.0
2022-10-20 14:20:00-04:00,119.58000183105469,119.66999816894531,119.38999938964844,119.48500061035156,,12254.0
2022-10-20 14:21:00-04:00,119.41999816894531,119.53500366210938,119.37000274658203,119.44000244140625,,7315.0
2022-10-20 14:22:00-04:00,119.48999786376953,119.58000183105469,119.41999816894531,119.58000183105469,,4651.0
2022-10-20 14:23:00-04:00,119.54000091552734,119.62000274658203,119.4800033569336,119.49500274658203,,5352.0
2022-10-20 14:24:00-04:00,119.49500274658203,119.55000305175781,119.3949966430664,119.3949966430664,,9431.0
2022-10-20 14:25:00-04:00,119.38999938964844,119.47000122070312,119.30000305175781,119.30000305175781,,6640.0
2022-10-20 14:26:00-04:00,119.33499908447266,119.44999694824219,119.19999694824219,119.44999694824219,,13589.0
2022-10-20 14:27:00-04:00,119.36000061035156,119.40499877929688,119.25,119.36000061035156,,5413.0
2022-10-20 14:28:00-04:00,119.36000061035156,119.36000061035156,119.16999816894531,119.2699966430664,,6713.0
2022-10-20 14:29:00-04:00,119.30000305175781,119.33999633789062,119.26170349121094,119.2750015258789,,7549.0
2022-10-20 14:30:00-04:00,119.2699966430664,119.44000244140625,119.2699966430664,119.41999816894531,,9871.0
2022-10-20 14:31:00-04:00,119.41999816894531,119.44000244140625,119.30000305175781,119.31500244140625,,7560.0
2022-10-20 14:32:00-04:00,119.31500244140625,119.54299926757812,119.31500244140625,119.54299926757812,,7987.0
2022-10-20 14:33:00-04:00,119.55999755859375,119.66000366210938,119.55000305175781,119.6500015258789,,13441.0
2022-10-20 14:34:00-04:00,119.63999938964844,119.74500274658203,119.63999938964844,119.69999694824219,,24643.0
2022-10-20 14:35:00-04:00,119.68499755859375,119.73999786376953,119.62000274658203,119.69000244140625,,10327.0
2022-10-20 14:36:00-04:00,119.69000244140625,119.80999755859375,119.6500015258789,119.79000091552734,,14364.0
2022-10-20 14:37:00-04:00,119.79000091552734,119.81839752197266,119.5,119.52999877929688,,13133.0
2022-10-20 14:38:00-04:00,119.4800033569336,119.4800033569336,119.36000061035156,119.4188003540039,,5484.0
2022-10-20 14:39:00-04:00,119.44000244140625,119.49500274658203,119.20999908447266,119.26000213623047,,10937.0
2022-10-20 14:40:00-04:00,119.33000183105469,119.4800033569336,119.2300033569336,119.4800033569336,,9713.0
2022-10-20 14:41:00-04:00,119.47000122070312,119.5199966430664,119.2750015258789,119.33000183105469,,5151.0
2022-10-20 14:42:00-04:00,119.37000274658203,119.37999725341797,119.2300033569336,119.27999877929688,,8028.0
2022-10-20 14:43:00-04:00,119.27999877929688,119.4000015258789,119.26000213623047,119.33999633789062,,8535.0
2022-10-20 14:44:00-04:00,119.4000015258789,119.44999694824219,119.27999877929688,119.29000091552734,,7841.0
2022-10-20 14:45:00-04:00,119.31999969482422,119.33599853515625,119.18000030517578,119.2300033569336,,9348.0
2022-10-20 14:46:00-04:00,119.23899841308594,119.30000305175781,119.19000244140625,119.29000091552734,,15049.0
2022-10-20 14:47:00-04:00,119.30999755859375,119.4000015258789,119.22000122070312,119.4000015258789,,6945.0
2022-10-20 14:48:00-04:00,119.41000366210938,119.44999694824219,119.37999725341797,119.43000030517578,,9108.0
2022-10-20 14:49:00-04:00,119.43000030517578,119.43000030517578,119.30999755859375,119.31999969482422,,8564.0
2022-10-20 14:50:00-04:00,119.30000305175781,119.32990264892578,119.04000091552734,119.06999969482422,,6502.0
2022-10-20 14:51:00-04:00,119.05000305175781,119.12999725341797,119.04000091552734,119.0999984741211,,5272.0
2022-10-20 14:52:00-04:00,119.05000305175781,119.18000030517578,119.04000091552734,119.18000030517578,,7005.0
2022-10-20 14:53:00-04:00,119.2699966430664,119.41000366210938,119.25,119.38999938964844,,11536.0
2022-10-20 14:54:00-04:00,119.43000030517578,119.61000061035156,119.35060119628906,119.51000213623047,,19732.0
2022-10-20 14:55:00-04:00,119.46499633789062,119.5,119.2699966430664,119.2699966430664,,5923.0
2022-10-20 14:56:00-04:00,119.30000305175781,119.5,119.2699966430664,119.43000030517578,,10444.0
2022-10-20 14:57:00-04:00,119.44499969482422,119.5,119.44000244140625,119.47000122070312,,8538.0
2022-10-20 14:58:00-04:00,119.4749984741211,119.55999755859375,119.30999755859375,119.30999755859375,,8596.0
2022-10-20 14:59:00-04:00,119.30000305175781,119.44000244140625,119.30000305175781,119.36000061035156,,6294.0
2022-10-20 15:00:00-04:00,119.30000305175781,119.37999725341797,119.23999786376953,119.30999755859375,,4893.0
2022-10-20 15:01:00-04:00,119.33999633789062,119.43000030517578,119.29000091552734,119.4000015258789,,4214.0
2022-10-20 15:02:00-04:00,119.2300033569336,119.27999877929688,119.19999694824219,119.26000213623047,,10258.0
2022-10-20 15:03:00-04:00,119.30999755859375,119.30999755859375,119.18000030517578,119.26499938964844,,7564.0
2022-10-20 15:04:00-04:00,119.24500274658203,119.24500274658203,119.08000183105469,119.11000061035156,,9207.0
2022-10-20 15:05:00-04:00,119.08000183105469,119.1500015258789,119.07009887695312,119.08999633789062,,6822.0
2022-10-20 15:06:00-04:00,119.04499816894531,119.38999938964844,118.98999786376953,119.38500213623047,,16454.0
2022-10-20 15:07:00-04:00,119.33000183105469,119.55999755859375,119.33000183105469,119.43000030517578,,7389.0
2022-10-20 15:08:00-04:00,119.43000030517578,119.45999908447266,119.33000183105469,119.44180297851562,,6635.0
2022-10-20 15:09:00-04:00,119.43000030517578,119.4572982788086,119.22000122070312,119.22000122070312,,4323.0
2022-10-20 15:10:00-04:00,119.25499725341797,119.2699966430664,119.13999938964844,119.2699966430664,,5355.0
2022-10-20 15:11:00-04:00,119.24500274658203,119.24500274658203,119.04000091552734,119.1500015258789,,8796.0
2022-10-20 15:12:00-04:00,119.0999984741211,119.18000030517578,119.0199966430664,119.13999938964844,,4631.0
2022-10-20 15:13:00-04:00,119.13999938964844,119.18000030517578,119.0999984741211,119.1698989868164,,7216.0
2022-10-20 15:14:00-04:00,119.1500015258789,119.25,119.12000274658203,119.2300033569336,,10159.0
2022-10-20 15:15:00-04:00,119.25,119.33999633789062,119.12999725341797,119.15499877929688,,17913.0
2022-10-20 15:16:00-04:00,119.12999725341797,119.23930358886719,119.0999984741211,119.11000061035156,,13370.0
2022-10-20 15:17:00-04:00,119.08999633789062,119.10379791259766,118.9000015258789,119.05999755859375,,32113.0
2022-10-20 15:18:00-04:00,119.0250015258789,119.04000091552734,118.93000030517578,118.93000030517578,,3401.0
2022-10-20 15:19:00-04:00,118.83000183105469,118.88999938964844,118.77999877929688,118.81999969482422,,20175.0
2022-10-20 15:20:00-04:00,118.87999725341797,118.91000366210938,118.68000030517578,118.77999877929688,,19731.0
2022-10-20 15:21:00-04:00,118.75,118.84200286865234,118.66999816894531,118.74819946289062,,6412.0
2022-10-20 15:22:00-04:00,118.5999984741211,118.5999984741211,118.58000183105469,118.58000183105469,,9511.0
2022-10-20 15:23:00-04:00,118.61000061035156,118.66999816894531,118.54000091552734,118.54000091552734,,13131.0
2022-10-20 15:24:00-04:00,118.55999755859375,118.55999755859375,118.55999755859375,118.55999755859375,,12777.0
2022-10-20 15:25:00-04:00,118.5199966430664,118.7300033569336,118.5199966430664,118.58999633789062,,10923.0
2022-10-20 15:26:00-04:00,118.59500122070312,118.63500213623047,118.55000305175781,118.61000061035156,,7014.0
2022-10-20 15:27:00-04:00,118.63999938964844,118.81999969482422,118.47000122070312,118.4800033569336,,17795.0
2022-10-20 15:28:00-04:00,118.4800033569336,118.62000274658203,118.43820190429688,118.55000305175781,,11043.0
2022-10-20 15:29:00-04:00,118.56500244140625,118.69000244140625,118.54000091552734,118.63500213623047,,10697.0
2022-10-20 15:30:00-04:00,118.61000061035156,118.80000305175781,118.5999984741211,118.69999694824219,,10406.0
2022-10-20 15:31:00-04:00,118.72000122070312,118.73999786376953,118.61000061035156,118.61000061035156,,7650.0
2022-10-20 15:32:00-04:00,118.55999755859375,118.62999725341797,118.5199966430664,118.55580139160156,,3325.0
2022-10-20 15:33:00-04:00,118.67780303955078,118.73999786376953,118.66999816894531,118.69999694824219,,12448.0
2022-10-20 15:34:00-04:00,118.7300033569336,118.7300033569336,118.66000366210938,118.66000366210938,,322.0
2022-10-20 15:35:00-04:00,118.6500015258789,118.7699966430664,118.62999725341797,118.63999938964844,,21810.0
2022-10-20 15:36:00-04:00,118.66000366210938,118.95899963378906,118.61080169677734,118.88500213623047,,12731.0
2022-10-20 15:37:00-04:00,118.87999725341797,119.04000091552734,118.86000061035156,118.94999694824219,,13335.0
2022-10-20 15:38:00-04:00,118.98999786376953,119.08000183105469,118.91999816894531,118.94999694824219,,115794.0
2022-10-20 15:39:00-04:00,118.94000244140625,118.94000244140625,118.78009796142578,118.78009796142578,,5113.0
2022-10-20 15:40:00-04:00,118.80999755859375,118.87999725341797,118.7300033569336,118.80999755859375,,15215.0
2022-10-20 15:41:00-04:00,118.83000183105469,118.83000183105469,118.68499755859375,118.68499755859375,,13362.0
2022-10-20 15:42:00-04:00,118.72000122070312,118.79000091552734,118.72000122070312,118.73999786376953,,7078.0
2022-10-20 15:43:00-04:00,118.76000213623047,118.8499984741211,118.69999694824219,118.83999633789062,,22789.0
2022-10-20 15:44:00-04:00,118.83799743652344,118.83799743652344,118.6500015258789,118.83499908447266,,19920.0
2022-10-20 15:45:00-04:00,118.81999969482422,118.81999969482422,118.54000091552734,118.58000183105469,,34120.0
2022-10-20 15:46:00-04:00,118.61499786376953,118.61499786376953,118.5199966430664,118.54000091552734,,6884.0
2022-10-20 15:47:00-04:00,118.62000274658203,118.81999969482422,118.62000274658203,118.7699966430664,,26937.0
2022-10-20 15:48:00-04:00,118.7699966430664,118.83000183105469,118.7300033569336,118.77999877929688,,13347.0
2022-10-20 15:49:00-04:00,118.7699966430664,118.77999877929688,118.66000366210938,118.70999908447266,,16757.0
2022-10-20 15:50:00-04:00,118.76000213623047,118.83000183105469,118.6500015258789,118.69999694824219,,23879.0
2022-10-20 15:51:00-04:00,118.69999694824219,118.7300033569336,118.58000183105469,118.66500091552734,,19164.0
2022-10-20 15:52:00-04:00,118.63999938964844,118.77799987792969,118.5968017578125,118.66000366210938,,37123.0
2022-10-20 15:53:00-04:00,118.70999908447266,118.83000183105469,118.67500305175781,118.83000183105469,,22552.0
2022-10-20 15:54:00-04:00,118.81009674072266,118.81999969482422,118.5199966430664,118.57499694824219,,44530.0
2022-10-20 15:55:00-04:00,118.58000183105469,118.58999633789062,118.30999755859375,118.4000015258789,,69053.0
2022-10-20 15:56:00-04:00,118.41999816894531,118.58000183105469,118.37999725341797,118.55000305175781,,59849.0
2022-10-20 15:57:00-04:00,118.5199966430664,118.54000091552734,118.41999816894531,118.50499725341797,,44263.0
2022-10-20 15:58:00-04:00,118.5,118.5199966430664,118.44000244140625,118.48999786376953,,73293.0
2022-10-20 15:59:00-04:00,118.4800033569336,118.51000213623047,118.33000183105469,118.36000061035156,,91484.0
2022-10-21 09:30:00-04:00,123.7699966430664,125.4800033569336,122.02999877929688,125.19000244140625,,569102.0
2022-10-21 09:31:00-04:00,125.47000122070312,126.5999984741211,125.08000183105469,125.43000030517578,,134796.0
2022-10-21 09:32:00-04:00,125.43499755859375,126.0999984741211,125.05000305175781,125.69999694824219,,94558.0
2022-10-21 09:33:00-04:00,125.69999694824219,125.8499984741211,125.0999984741211,125.50969696044922,,51294.0
2022-10-21 09:34:00-04:00,125.52999877929688,126.19000244140625,125.34010314941406,126.05999755859375,,62984.0
2022-10-21 09:35:00-04:00,125.55500030517578,125.6500015258789,124.22000122070312,124.86000061035156,,91883.0
2022-10-21 09:36:00-04:00,124.72000122070312,126.15979766845703,124.62999725341797,125.91500091552734,,60931.0
2022-10-21 09:37:00-04:00,125.91500091552734,126.12999725341797,125.26000213623047,125.73999786376953,,67641.0
2022-10-21 09:38:00-04:00,125.7300033569336,125.91999816894531,125.33000183105469,125.4800033569336,,46096.0
2022-10-21 09:39:00-04:00,125.41000366210938,125.83000183105469,125.0999984741211,125.1500015258789,,39279.0
2022-10-21 09:40:00-04:00,125.19999694824219,125.29000091552734,124.33000183105469,124.60009765625,,32109.0
2022-10-21 09:41:00-04:00,124.66999816894531,125.0,124.41000366210938,124.47000122070312,,35036.0
2022-10-21 09:42:00-04:00,124.53500366210938,124.53500366210938,123.52999877929688,123.69999694824219,,37507.0
2022-10-21 09:43:00-04:00,123.5999984741211,123.9000015258789,123.51000213623047,123.66999816894531,,31520.0
2022-10-21 09:44:00-04:00,123.63999938964844,123.68000030517578,123.41999816894531,123.5155029296875,,7298.0
2022-10-21 09:45:00-04:00,124.25,124.30000305175781,123.79000091552734,124.07890319824219,,86518.0
2022-10-21 09:46:00-04:00,124.125,124.36000061035156,123.87000274658203,124.0199966430664,,35000.0
2022-10-21 09:47:00-04:00,123.83999633789062,124.0,123.37999725341797,123.37999725341797,,26332.0
2022-10-21 09:48:00-04:00,123.5,123.56999969482422,123.4000015258789,123.4000015258789,,45199.0
2022-10-21 09:49:00-04:00,124.0,124.19000244140625,123.93000030517578,123.94999694824219,,27380.0
2022-10-21 09:50:00-04:00,123.91999816894531,124.0999984741211,123.54000091552734,123.70500183105469,,31900.0
2022-10-21 09:51:00-04:00,123.5,123.5,123.15070343017578,123.23999786376953,,30933.0
2022-10-21 09:52:00-04:00,123.25,123.5199966430664,123.13999938964844,123.22000122070312,,58564.0
2022-10-21 09:53:00-04:00,123.25,124.51000213623047,123.25,124.2699966430664,,58505.0
2022-10-21 09:54:00-04:00,123.91999816894531,124.22000122070312,123.69999694824219,123.79000091552734,,29093.0
2022-10-21 09:55:00-04:00,124.0198974609375,124.41210174560547,123.91000366210938,123.98500061035156,,13383.0
2022-10-21 09:56:00-04:00,124.91999816894531,125.4000015258789,124.91999816894531,125.37999725341797,,63154.0
2022-10-21 09:57:00-04:00,125.5,125.50430297851562,125.11000061035156,125.11000061035156,,54300.0
2022-10-21 09:58:00-04:00,125.0,125.18990325927734,124.8499984741211,124.9000015258789,,32362.0
2022-10-21 09:59:00-04:00,125.0199966430664,125.19999694824219,124.88999938964844,125.02999877929688,,28613.0
2022-10-21 10:00:00-04:00,125.11000061035156,125.51000213623047,125.05010223388672,125.2699966430664,,52917.0
2022-10-21 10:01:00-04:00,125.2699966430664,125.75,125.13999938964844,125.55999755859375,,25532.0
2022-10-21 10:02:00-04:00,125.55000305175781,125.59429931640625,124.87000274658203,124.93250274658203,,53509.0
2022-10-21 10:03:00-04:00,124.88999938964844,125.18000030517578,124.83000183105469,125.08940124511719,,39372.0
2022-10-21 10:04:00-04:00,125.1449966430664,125.439697265625,125.06009674072266,125.27999877929688,,53000.0
2022-10-21 10:05:00-04:00,125.27999877929688,125.33000183105469,124.87000274658203,125.1500015258789,,30539.0
2022-10-21 10:06:00-04:00,125.16999816894531,125.7699966430664,125.15499877929688,125.58000183105469,,67098.0
2022-10-21 10:07:00-04:00,125.61000061035156,125.97000122070312,125.43499755859375,125.7300033569336,,52552.0
2022-10-21 10:08:00-04:00,125.83499908447266,126.55999755859375,125.83499908447266,126.43000030517578,,72479.0
2022-10-21 10:09:00-04:00,126.48999786376953,126.8478012084961,126.38999938964844,126.66999816894531,,40711.0
2022-10-21 10:10:00-04:00,126.29010009765625,126.47000122070312,126.19000244140625,126.41999816894531,,36905.0
2022-10-21 10:11:00-04:00,126.55999755859375,126.8499984741211,126.5,126.73500061035156,,39373.0
2022-10-21 10:12:00-04:00,126.72550201416016,127.37000274658203,126.72550201416016,127.13999938964844,,59915.0
2022-10-21 10:13:00-04:00,127.18000030517578,127.30000305175781,126.9000015258789,126.9000015258789,,36108.0
2022-10-21 10:14:00-04:00,126.91999816894531,126.94999694824219,126.05000305175781,126.125,,43388.0
2022-10-21 10:15:00-04:00,126.125,126.41000366210938,126.04499816894531,126.20500183105469,,31188.0
2022-10-21 10:16:00-04:00,125.86280059814453,126.08999633789062,125.73999786376953,125.8550033569336,,45126.0
2022-10-21 10:17:00-04:00,125.8550033569336,126.1500015258789,125.79000091552734,126.01000213623047,,11134.0
2022-10-21 10:18:00-04:00,126.19999694824219,126.30000305175781,125.80010223388672,125.80010223388672,,48074.0
2022-10-21 10:19:00-04:00,125.8479995727539,126.05999755859375,125.8479995727539,125.9800033569336,,7660.0
2022-10-21 10:20:00-04:00,126.08999633789062,126.64990234375,126.0,126.44999694824219,,24230.0
2022-10-21 10:21:00-04:00,126.43000030517578,126.52999877929688,126.12010192871094,126.29000091552734,,22676.0
2022-10-21 10:22:00-04:00,126.2699966430664,127.2699966430664,126.19999694824219,126.9000015258789,,36923.0
2022-10-21 10:23:00-04:00,126.81379699707031,127.01000213623047,126.81379699707031,127.01000213623047,,22326.0
2022-10-21 10:24:00-04:00,126.87000274658203,126.95999908447266,126.26000213623047,126.2699966430664,,23839.0
2022-10-21 10:25:00-04:00,126.26000213623047,126.26519775390625,125.4000015258789,125.40010070800781,,21307.0
2022-10-21 10:26:00-04:00,125.4740982055664,125.63999938964844,125.31009674072266,125.36000061035156,,12632.0
2022-10-21 10:27:00-04:00,125.36000061035156,125.6500015258789,125.32009887695312,125.40499877929688,,16580.0
2022-10-21 10:28:00-04:00,125.2699966430664,125.31549835205078,124.95999908447266,125.08000183105469,,17410.0
2022-10-21 10:29:00-04:00,124.97000122070312,125.0,124.7300033569336,124.75,,33690.0
2022-10-21 10:30:00-04:00,124.6500015258789,125.16999816894531,124.6500015258789,124.87999725341797,,14222.0
2022-10-21 10:31:00-04:00,124.80000305175781,124.91999816894531,124.72000122070312,124.78500366210938,,10536.0
2022-10-21 10:32:00-04:00,124.86000061035156,124.94999694824219,124.49500274658203,124.5000991821289,,15211.0
2022-10-21 10:33:00-04:00,124.57499694824219,124.5999984741211,124.20999908447266,124.26599884033203,,15467.0
2022-10-21 10:34:00-04:00,124.20999908447266,124.4000015258789,124.19000244140625,124.2656021118164,,16963.0
2022-10-21 10:35:00-04:00,124.20999908447266,124.69000244140625,124.08000183105469,124.2750015258789,,23574.0
2022-10-21 10:36:00-04:00,124.41000366210938,124.45999908447266,124.0,124.0,,8911.0
2022-10-21 10:37:00-04:00,124.01000213623047,124.76000213623047,124.01000213623047,124.57420349121094,,14984.0
2022-10-21 10:38:00-04:00,124.5,124.5,124.16000366210938,124.42040252685547,,13589.0
2022-10-21 10:39:00-04:00,124.56999969482422,124.70999908447266,124.26000213623047,124.48609924316406,,11106.0
2022-10-21 10:40:00-04:00,124.55000305175781,124.7699966430664,124.55000305175781,124.7699966430664,,9763.0
2022-10-21 10:41:00-04:00,124.62999725341797,124.87000274658203,124.54000091552734,124.65499877929688,,12234.0
2022-10-21 10:42:00-04:00,124.6449966430664,124.70459747314453,124.1500015258789,124.2654037475586,,32817.0
2022-10-21 10:43:00-04:00,124.25,124.55000305175781,124.18000030517578,124.55000305175781,,6903.0
2022-10-21 10:44:00-04:00,124.44010162353516,124.68000030517578,124.16000366210938,124.67500305175781,,8489.0
2022-10-21 10:45:00-04:00,124.55999755859375,125.08000183105469,124.55999755859375,125.08000183105469,,9707.0
2022-10-21 10:46:00-04:00,125.0199966430664,125.16000366210938,124.86000061035156,125.00080108642578,,16284.0
2022-10-21 10:47:00-04:00,125.01000213623047,125.08889770507812,124.76000213623047,125.08889770507812,,10288.0
2022-10-21 10:48:00-04:00,125.02999877929688,125.1698989868164,124.94010162353516,125.05000305175781,,5958.0
2022-10-21 10:49:00-04:00,125.01000213623047,125.2300033569336,124.83000183105469,125.19000244140625,,31010.0
2022-10-21 10:50:00-04:00,125.19499969482422,125.20999908447266,124.91000366210938,124.96499633789062,,6943.0
2022-10-21 10:51:00-04:00,125.0199966430664,125.33499908447266,124.95999908447266,125.3324966430664,,14668.0
2022-10-21 10:52:00-04:00,125.36499786376953,125.38130187988281,125.05000305175781,125.06999969482422,,11931.0
2022-10-21 10:53:00-04:00,125.23500061035156,125.5,125.22000122070312,125.41500091552734,,21056.0
2022-10-21 10:54:00-04:00,125.3550033569336,125.3550033569336,125.23999786376953,125.3499984741211,,19736.0
2022-10-21 10:55:00-04:00,125.31999969482422,125.36000061035156,125.05000305175781,125.0999984741211,,10164.0
2022-10-21 10:56:00-04:00,125.0199966430664,125.22000122070312,124.94000244140625,125.18000030517578,,9388.0
2022-10-21 10:57:00-04:00,125.13999938964844,125.27999877929688,124.87000274658203,124.93000030517578,,11971.0
2022-10-21 10:58:00-04:00,124.86000061035156,125.08999633789062,124.69999694824219,125.0250015258789,,12244.0
2022-10-21 10:59:00-04:00,125.07499694824219,125.18000030517578,124.98999786376953,125.07499694824219,,5368.0
2022-10-21 11:00:00-04:00,125.0458984375,125.06500244140625,124.91000366210938,124.91000366210938,,3246.0
2022-10-21 11:01:00-04:00,125.0199966430664,125.0250015258789,124.47000122070312,124.47000122070312,,19593.0
2022-10-21 11:02:00-04:00,124.52999877929688,124.7300033569336,124.2699966430664,124.72000122070312,,9735.0
2022-10-21 11:03:00-04:00,124.66999816894531,124.72000122070312,124.66000366210938,124.69000244140625,,1447.0
2022-10-21 11:04:00-04:00,124.68990325927734,124.86000061035156,124.625,124.83000183105469,,14534.0
2022-10-21 11:05:00-04:00,124.76000213623047,124.9000015258789,124.75,124.81790161132812,,11718.0
2022-10-21 11:06:00-04:00,124.76000213623047,125.03500366210938,124.56999969482422,125.0000991821289,,16928.0
2022-10-21 11:07:00-04:00,125.04499816894531,125.21499633789062,124.91000366210938,125.21499633789062,,15616.0
2022-10-21 11:08:00-04:00,125.2300033569336,125.23999786376953,125.04000091552734,125.1050033569336,,16116.0
2022-10-21 11:09:00-04:00,125.05000305175781,125.16999816894531,125.04000091552734,125.11499786376953,,12343.0
2022-10-21 11:10:00-04:00,125.11499786376953,125.23999786376953,125.08499908447266,125.13500213623047,,27569.0
2022-10-21 11:11:00-04:00,125.13999938964844,125.44000244140625,125.12999725341797,125.22000122070312,,21794.0
2022-10-21 11:12:00-04:00,125.19999694824219,125.2300033569336,125.0,125.06999969482422,,13185.0
2022-10-21 11:13:00-04:00,125.06999969482422,125.1500015258789,124.98999786376953,125.02999877929688,,20016.0
2022-10-21 11:14:00-04:00,125.05000305175781,125.13999938964844,125.0,125.11000061035156,,20101.0
2022-10-21 11:15:00-04:00,125.05000305175781,125.30000305175781,124.98999786376953,125.20999908447266,,20632.0
2022-10-21 11:16:00-04:00,125.24500274658203,125.24500274658203,125.0,125.16999816894531,,6961.0
2022-10-21 11:17:00-04:00,125.3490982055664,125.3550033569336,125.3490982055664,125.3550033569336,,16632.0
2022-10-21 11:18:00-04:00,125.37840270996094,125.5,125.3499984741211,125.44000244140625,,3749612.0
2022-10-21 11:19:00-04:00,125.48999786376953,125.48999786376953,125.19000244140625,125.28990173339844,,46794.0
2022-10-21 11:20:00-04:00,125.27999877929688,125.27999877929688,125.01000213623047,125.10230255126953,,10160.0
2022-10-21 11:21:00-04:00,125.11239624023438,125.5,125.11239624023438,125.4749984741211,,15882.0
2022-10-21 11:22:00-04:00,125.41999816894531,125.48750305175781,125.12000274658203,125.37920379638672,,37380.0
2022-10-21 11:23:00-04:00,125.33000183105469,125.38999938964844,125.23999786376953,125.38999938964844,,6394.0
2022-10-21 11:24:00-04:00,125.33000183105469,125.58999633789062,125.18000030517578,125.2300033569336,,14334.0
2022-10-21 11:25:00-04:00,125.27999877929688,125.4000015258789,125.20999908447266,125.33499908447266,,10455.0
2022-10-21 11:26:00-04:00,125.33499908447266,125.98999786376953,125.33499908447266,125.79000091552734,,20430.0
2022-10-21 11:27:00-04:00,125.7300033569336,125.93000030517578,125.66000366210938,125.77999877929688,,8461.0
2022-10-21 11:28:00-04:00,125.83999633789062,126.30000305175781,125.73999786376953,126.26000213623047,,15602.0
2022-10-21 11:29:00-04:00,126.26580047607422,126.33499908447266,126.1500015258789,126.16999816894531,,14189.0
2022-10-21 11:30:00-04:00,126.31999969482422,126.80000305175781,126.31500244140625,126.80000305175781,,10272.0
2022-10-21 11:31:00-04:00,126.83000183105469,126.9800033569336,126.78060150146484,126.86000061035156,,17108.0
2022-10-21 11:32:00-04:00,126.79000091552734,127.02999877929688,126.79000091552734,126.94000244140625,,20802.0
2022-10-21 11:33:00-04:00,126.91000366210938,127.0,126.77999877929688,126.98999786376953,,12270.0
2022-10-21 11:34:00-04:00,126.8499984741211,126.88999938964844,126.77999877929688,126.87999725341797,,11478.0
2022-10-21 11:35:00-04:00,126.875,126.94999694824219,126.66999816894531,126.66999816894531,,17958.0
2022-10-21 11:36:00-04:00,126.68060302734375,126.7699966430664,126.66000366210938,126.68000030517578,,6770.0
2022-10-21 11:37:00-04:00,126.66000366210938,126.7217025756836,126.45999908447266,126.63999938964844,,13934.0
2022-10-21 11:38:00-04:00,126.67990112304688,126.81999969482422,126.54139709472656,126.79499816894531,,8905.0
2022-10-21 11:39:00-04:00,126.80999755859375,126.94999694824219,126.79000091552734,126.83170318603516,,7621.0
2022-10-21 11:40:00-04:00,126.86499786376953,126.94999694824219,126.72000122070312,126.75689697265625,,11424.0
2022-10-21 11:41:00-04:00,126.73999786376953,127.12999725341797,126.73999786376953,127.02999877929688,,9896.0
2022-10-21 11:42:00-04:00,127.04000091552734,127.30000305175781,126.9800033569336,127.27999877929688,,24942.0
2022-10-21 11:43:00-04:00,127.30000305175781,127.33999633789062,127.19000244140625,127.33999633789062,,12791.0
2022-10-21 11:44:00-04:00,127.33000183105469,127.5,127.02999877929688,127.22000122070312,,40225.0
2022-10-21 11:45:00-04:00,127.25,127.30000305175781,127.1500015258789,127.20999908447266,,19010.0
2022-10-21 11:46:00-04:00,127.21499633789062,127.27999877929688,127.0,127.0,,14740.0
2022-10-21 11:47:00-04:00,127.12000274658203,127.27999877929688,126.95999908447266,127.18000030517578,,23492.0
2022-10-21 11:48:00-04:00,127.25,127.2699966430664,127.05999755859375,127.05999755859375,,7773.0
2022-10-21 11:49:00-04:00,127.0999984741211,127.0999984741211,126.91000366210938,126.99500274658203,,2745.0
2022-10-21 11:50:00-04:00,127.3499984741211,127.43000030517578,127.30000305175781,127.37000274658203,,29470.0
2022-10-21 11:51:00-04:00,127.31500244140625,127.6500015258789,127.31500244140625,127.44550323486328,,28194.0
2022-10-21 11:52:00-04:00,127.44999694824219,127.52999877929688,127.23259735107422,127.41790008544922,,6526.0
2022-10-21 11:53:00-04:00,127.4800033569336,127.66000366210938,127.4800033569336,127.54000091552734,,11175.0
2022-10-21 11:54:00-04:00,127.56999969482422,127.56999969482422,127.44000244140625,127.49140167236328,,6490.0
2022-10-21 11:55:00-04:00,127.5,127.83000183105469,127.49500274658203,127.80000305175781,,12552.0
2022-10-21 11:56:00-04:00,127.83999633789062,127.87000274658203,127.54000091552734,127.69999694824219,,22077.0
2022-10-21 11:57:00-04:00,127.80000305175781,128.07000732421875,127.80000305175781,127.9749984741211,,33847.0
2022-10-21 11:58:00-04:00,128.0,128.23570251464844,127.93000030517578,128.1999969482422,,21802.0
2022-10-21 11:59:00-04:00,128.25,128.3800048828125,128.1999969482422,128.28939819335938,,18694.0
2022-10-21 12:00:00-04:00,128.3000030517578,128.5727996826172,128.2899932861328,128.40499877929688,,22265.0
2022-10-21 12:01:00-04:00,128.41000366210938,128.6529998779297,128.3800048828125,128.57000732421875,,16749.0
2022-10-21 12:02:00-04:00,128.5800018310547,128.86000061035156,128.5399932861328,128.67999267578125,,20025.0
2022-10-21 12:03:00-04:00,128.66180419921875,128.66180419921875,128.32009887695312,128.55999755859375,,30849.0
2022-10-21 12:04:00-04:00,128.61000061035156,128.9499969482422,128.56410217285156,128.75,,19914.0
2022-10-21 12:05:00-04:00,128.72500610351562,128.80999755859375,128.57000732421875,128.6699981689453,,24888.0
2022-10-21 12:06:00-04:00,128.63999938964844,128.7895050048828,128.60000610351562,128.7895050048828,,6681.0
2022-10-21 12:07:00-04:00,128.82449340820312,128.86000061035156,128.6699981689453,128.6999969482422,,28787.0
2022-10-21 12:08:00-04:00,128.98500061035156,129.1999969482422,128.98500061035156,129.19000244140625,,37826.0
2022-10-21 12:09:00-04:00,129.19000244140625,129.24000549316406,128.9600067138672,129.1750030517578,,18107.0
2022-10-21 12:10:00-04:00,129.1750030517578,129.3000030517578,129.0399932861328,129.13999938964844,,33187.0
2022-10-21 12:11:00-04:00,129.24549865722656,129.3000030517578,129.08999633789062,129.08999633789062,,12995.0
2022-10-21 12:12:00-04:00,129.1300048828125,129.1300048828125,128.92999267578125,129.0,,20605.0
2022-10-21 12:13:00-04:00,129.05999755859375,129.32000732421875,129.04200744628906,129.22000122070312,,20327.0
2022-10-21 12:14:00-04:00,129.2899932861328,129.50999450683594,129.2899932861328,129.49169921875,,23242.0
2022-10-21 12:15:00-04:00,129.44000244140625,129.55999755859375,129.44000244140625,129.50999450683594,,13734.0
2022-10-21 12:16:00-04:00,129.5500030517578,129.66000366210938,129.41000366210938,129.61000061035156,,12047.0
2022-10-21 12:17:00-04:00,129.61000061035156,129.67990112304688,129.44009399414062,129.63999938964844,,25569.0
2022-10-21 12:18:00-04:00,129.67999267578125,129.75,128.77999877929688,128.9149932861328,,50472.0
2022-10-21 12:19:00-04:00,128.9199981689453,128.9600067138672,128.72999572753906,128.75999450683594,,14597.0
2022-10-21 12:20:00-04:00,128.75,129.0399932861328,128.75,128.7989959716797,,20118.0
2022-10-21 12:21:00-04:00,128.8699951171875,128.92999267578125,128.6699981689453,128.67010498046875,,8097.0
2022-10-21 12:22:00-04:00,128.72999572753906,129.1300048828125,128.72000122070312,129.07000732421875,,13858.0
2022-10-21 12:23:00-04:00,129.05499267578125,129.24000549316406,129.0,129.03500366210938,,13059.0
2022-10-21 12:24:00-04:00,129.03500366210938,129.3000030517578,129.03500366210938,129.3000030517578,,6060.0
2022-10-21 12:25:00-04:00,129.2899932861328,129.35000610351562,129.13009643554688,129.18499755859375,,8044.0
2022-10-21 12:26:00-04:00,129.19000244140625,129.36000061035156,129.11000061035156,129.35499572753906,,11851.0
2022-10-21 12:27:00-04:00,129.35499572753906,129.3699951171875,129.0,129.07000732421875,,14481.0
2022-10-21 12:28:00-04:00,129.0749969482422,129.47000122070312,129.0749969482422,129.38499450683594,,12658.0
2022-10-21 12:29:00-04:00,129.32000732421875,129.4362030029297,129.2200927734375,129.27499389648438,,5461.0
2022-10-21 12:30:00-04:00,129.30499267578125,129.4250030517578,129.03500366210938,129.24000549316406,,15071.0
2022-10-21 12:31:00-04:00,129.2449951171875,129.36500549316406,129.1699981689453,129.1699981689453,,12795.0
2022-10-21 12:32:00-04:00,129.25,129.6999969482422,129.25,129.64999389648438,,31579.0
2022-10-21 12:33:00-04:00,129.72000122070312,129.8000030517578,129.60000610351562,129.68170166015625,,11150.0
2022-10-21 12:34:00-04:00,129.72059631347656,129.86000061035156,129.44000244140625,129.60000610351562,,19334.0
2022-10-21 12:35:00-04:00,129.61500549316406,129.66000366210938,129.2899932861328,129.4499969482422,,20956.0
2022-10-21 12:36:00-04:00,129.34469604492188,129.4600067138672,129.22999572753906,129.3800048828125,,12851.0
2022-10-21 12:37:00-04:00,129.44000244140625,129.6300048828125,129.38499450683594,129.61000061035156,,12720.0
2022-10-21 12:38:00-04:00,129.5850067138672,129.5850067138672,129.27000427246094,129.2899932861328,,10206.0
2022-10-21 12:39:00-04:00,129.14999389648438,129.14999389648438,128.74000549316406,128.97500610351562,,18473.0
2022-10-21 12:40:00-04:00,128.97000122070312,129.10499572753906,128.84010314941406,129.10499572753906,,6847.0
2022-10-21 12:41:00-04:00,129.14999389648438,129.27000427246094,129.08999633789062,129.27000427246094,,5955.0
2022-10-21 12:42:00-04:00,129.3800048828125,129.41000366210938,129.0399932861328,129.0850067138672,,9569.0
2022-10-21 12:43:00-04:00,129.02999877929688,129.35000610351562,129.02999877929688,129.14999389648438,,7086.0
2022-10-21 12:44:00-04:00,129.14500427246094,129.14500427246094,128.8699951171875,129.02000427246094,,6463.0
2022-10-21 12:45:00-04:00,129.06500244140625,129.27999877929688,129.02000427246094,129.1999969482422,,6472.0
2022-10-21 12:46:00-04:00,129.21200561523438,129.38999938964844,129.21200561523438,129.33999633789062,,5273.0
2022-10-21 12:47:00-04:00,129.33999633789062,129.55999755859375,129.2899932861328,129.51019287109375,,13861.0
2022-10-21 12:48:00-04:00,129.6199951171875,129.69000244140625,129.58999633789062,129.6199951171875,,9418.0
2022-10-21 12:49:00-04:00,129.69000244140625,129.77000427246094,129.66000366210938,129.66000366210938,,7109.0
2022-10-21 12:50:00-04:00,129.7100067138672,129.9199981689453,129.6999969482422,129.85650634765625,,18378.0
2022-10-21 12:51:00-04:00,129.77999877929688,130.3000030517578,129.77999877929688,130.25,,74070.0
2022-10-21 12:52:00-04:00,130.26499938964844,130.3000030517578,130.02000427246094,130.02000427246094,,25714.0
2022-10-21 12:53:00-04:00,129.97999572753906,130.08999633789062,129.83999633789062,129.9600067138672,,15635.0
2022-10-21 12:54:00-04:00,129.92999267578125,129.9600067138672,129.7100067138672,129.7100067138672,,7738.0
2022-10-21 12:55:00-04:00,129.8000030517578,130.04989624023438,129.7899932861328,129.9600067138672,,8251.0
2022-10-21 12:56:00-04:00,129.83999633789062,129.83999633789062,129.5800018310547,129.5800018310547,,7628.0
2022-10-21 12:57:00-04:00,129.64450073242188,129.7198944091797,129.47999572753906,129.49000549316406,,6943.0
2022-10-21 12:58:00-04:00,129.4698944091797,129.50999450683594,129.4698944091797,129.50999450683594,,6989.0
2022-10-21 12:59:00-04:00,129.5,129.52000427246094,129.47000122070312,129.5,,5645.0
2022-10-21 13:00:00-04:00,129.4600067138672,129.55999755859375,129.36000061035156,129.5,,7149.0
2022-10-21 13:01:00-04:00,129.4600067138672,129.52000427246094,129.44110107421875,129.49000549316406,,2285.0
2022-10-21 13:02:00-04:00,129.47500610351562,129.64999389648438,129.47000122070312,129.6199951171875,,8372.0
2022-10-21 13:03:00-04:00,129.6199951171875,129.66000366210938,129.5800018310547,129.66000366210938,,7803.0
2022-10-21 13:04:00-04:00,129.70730590820312,129.74000549316406,129.4149932861328,129.53799438476562,,10910.0
2022-10-21 13:05:00-04:00,129.47500610351562,129.47500610351562,129.1699981689453,129.41000366210938,,9065.0
2022-10-21 13:06:00-04:00,129.47500610351562,129.53860473632812,129.41009521484375,129.4600067138672,,3832.0
2022-10-21 13:07:00-04:00,129.4781951904297,129.52000427246094,129.35000610351562,129.38999938964844,,3690.0
2022-10-21 13:08:00-04:00,129.38999938964844,129.47999572753906,129.2899932861328,129.37010192871094,,8030.0
2022-10-21 13:09:00-04:00,129.41000366210938,129.55990600585938,129.3000030517578,129.3000030517578,,11110.0
2022-10-21 13:10:00-04:00,129.36000061035156,129.6199951171875,129.36000061035156,129.4499969482422,,7925.0
2022-10-21 13:11:00-04:00,129.44500732421875,129.44500732421875,129.1300048828125,129.1999969482422,,6380.0
2022-10-21 13:12:00-04:00,129.1313934326172,129.1999969482422,129.07000732421875,129.1324005126953,,9275.0
2022-10-21 13:13:00-04:00,129.13499450683594,129.22999572753906,129.0399932861328,129.22999572753906,,10927.0
2022-10-21 13:14:00-04:00,129.22999572753906,129.27999877929688,129.22000122070312,129.22000122070312,,1077.0
2022-10-21 13:15:00-04:00,129.25,129.32000732421875,129.22000122070312,129.27000427246094,,4945.0
2022-10-21 13:16:00-04:00,129.1199951171875,129.25,129.1199951171875,129.25,,10834.0
2022-10-21 13:17:00-04:00,129.19500732421875,129.22999572753906,129.10000610351562,129.125,,6659.0
2022-10-21 13:18:00-04:00,129.13169860839844,129.25999450683594,129.00140380859375,129.02999877929688,,8596.0
2022-10-21 13:19:00-04:00,129.1199951171875,129.22999572753906,129.08009338378906,129.14999389648438,,5515.0
2022-10-21 13:20:00-04:00,129.10000610351562,129.1699981689453,129.05999755859375,129.1699981689453,,3420.0
2022-10-21 13:21:00-04:00,129.13999938964844,129.33999633789062,129.13999938964844,129.3000030517578,,8492.0
2022-10-21 13:22:00-04:00,129.27499389648438,129.27499389648438,129.0800018310547,129.11000061035156,,7660.0
2022-10-21 13:23:00-04:00,129.05999755859375,129.06500244140625,128.55999755859375,128.98989868164062,,23207.0
2022-10-21 13:24:00-04:00,128.9199981689453,128.99000549316406,128.86180114746094,128.8907928466797,,3663.0
2022-10-21 13:25:00-04:00,128.83999633789062,128.83999633789062,128.7100067138672,128.72999572753906,,3573.0
2022-10-21 13:26:00-04:00,128.7899932861328,129.08999633789062,128.74000549316406,129.08999633789062,,10441.0
2022-10-21 13:27:00-04:00,129.0574951171875,129.25999450683594,128.96499633789062,129.19500732421875,,11231.0
2022-10-21 13:28:00-04:00,129.15499877929688,129.24000549316406,129.14999389648438,129.14999389648438,,5360.0
2022-10-21 13:29:00-04:00,129.22999572753906,129.22999572753906,129.0050048828125,129.07000732421875,,4638.0
2022-10-21 13:30:00-04:00,129.0800018310547,129.18499755859375,129.0800018310547,129.106201171875,,3223.0
2022-10-21 13:31:00-04:00,129.11500549316406,129.28990173339844,129.11500549316406,129.22000122070312,,5773.0
2022-10-21 13:32:00-04:00,129.27999877929688,129.3249969482422,129.1800994873047,129.18499755859375,,7901.0
2022-10-21 13:33:00-04:00,129.15499877929688,129.27999877929688,129.13499450683594,129.1649932861328,,3957.0
2022-10-21 13:34:00-04:00,129.1649932861328,129.1649932861328,128.84829711914062,128.9199981689453,,4279.0
2022-10-21 13:35:00-04:00,128.8300018310547,128.9499969482422,128.7550048828125,128.7550048828125,,5269.0
2022-10-21 13:36:00-04:00,128.77999877929688,128.91000366210938,128.5500946044922,128.6699981689453,,10925.0
2022-10-21 13:37:00-04:00,128.69000244140625,128.78990173339844,128.66009521484375,128.74000549316406,,3321.0
2022-10-21 13:38:00-04:00,128.74000549316406,128.86000061035156,128.7100067138672,128.86000061035156,,5527.0
2022-10-21 13:39:00-04:00,128.77000427246094,128.88999938964844,128.77000427246094,128.77000427246094,,5026.0
2022-10-21 13:40:00-04:00,128.82000732421875,129.0399932861328,128.82000732421875,128.97999572753906,,9098.0
2022-10-21 13:41:00-04:00,129.0050048828125,129.14999389648438,129.0050048828125,129.1199951171875,,1888.0
2022-10-21 13:42:00-04:00,129.14500427246094,129.2799072265625,129.14500427246094,129.17999267578125,,10216.0
2022-10-21 13:43:00-04:00,129.22999572753906,129.43040466308594,129.18499755859375,129.39999389648438,,6927.0
2022-10-21 13:44:00-04:00,129.39999389648438,129.41000366210938,129.1199951171875,129.1199951171875,,6966.0
2022-10-21 13:45:00-04:00,129.13999938964844,129.35000610351562,129.10499572753906,129.3249969482422,,7408.0
2022-10-21 13:46:00-04:00,129.2991943359375,129.35000610351562,129.24000549316406,129.3000030517578,,11032.0
2022-10-21 13:47:00-04:00,129.3699951171875,129.61000061035156,129.3699951171875,129.5836944580078,,11161.0
2022-10-21 13:48:00-04:00,129.60000610351562,129.83999633789062,129.60000610351562,129.7899932861328,,11914.0
2022-10-21 13:49:00-04:00,129.8300018310547,129.86000061035156,129.72000122070312,129.7899932861328,,4023.0
2022-10-21 13:50:00-04:00,129.7899932861328,129.89999389648438,129.6999969482422,129.83889770507812,,7721.0
2022-10-21 13:51:00-04:00,129.92990112304688,129.92999267578125,129.7899932861328,129.83999633789062,,4279.0
2022-10-21 13:52:00-04:00,129.8350067138672,129.85000610351562,129.5500030517578,129.5500030517578,,5481.0
2022-10-21 13:53:00-04:00,129.6300048828125,129.64999389648438,129.5500030517578,129.55999755859375,,2482.0
2022-10-21 13:54:00-04:00,129.55499267578125,129.58999633789062,129.47999572753906,129.50999450683594,,11673.0
2022-10-21 13:55:00-04:00,129.49000549316406,129.49000549316406,129.48500061035156,129.49000549316406,,340.0
2022-10-21 13:56:00-04:00,129.27999877929688,129.38999938964844,129.27999877929688,129.3896026611328,,12364.0
2022-10-21 13:57:00-04:00,129.3000030517578,129.36000061035156,129.2899932861328,129.32000732421875,,5918.0
2022-10-21 13:58:00-04:00,129.27999877929688,129.32000732421875,129.25999450683594,129.27000427246094,,3689.0
2022-10-21 13:59:00-04:00,129.61000061035156,129.61000061035156,129.55999755859375,129.60000610351562,,8604.0
2022-10-21 14:00:00-04:00,129.60000610351562,129.83999633789062,129.52999877929688,129.7729034423828,,3272.0
2022-10-21 14:01:00-04:00,129.9199981689453,129.9199981689453,129.90350341796875,129.9199981689453,,9232.0
2022-10-21 14:02:00-04:00,129.88499450683594,129.88499450683594,129.81500244140625,129.81500244140625,,4830.0
2022-10-21 14:03:00-04:00,129.8300018310547,129.8300018310547,129.6699981689453,129.7899932861328,,7089.0
2022-10-21 14:04:00-04:00,129.7899932861328,129.88499450683594,129.7899932861328,129.85000610351562,,4168.0
2022-10-21 14:05:00-04:00,129.89500427246094,129.90989685058594,129.6199951171875,129.6999969482422,,7609.0
2022-10-21 14:06:00-04:00,129.70599365234375,129.70599365234375,129.5800018310547,129.5800018310547,,3206.0
2022-10-21 14:07:00-04:00,129.59500122070312,129.77490234375,129.55999755859375,129.77450561523438,,7339.0
2022-10-21 14:08:00-04:00,129.74000549316406,129.7899932861328,129.5800018310547,129.60000610351562,,4212.0
2022-10-21 14:09:00-04:00,129.63999938964844,129.71499633789062,129.60000610351562,129.60000610351562,,3386.0
2022-10-21 14:10:00-04:00,129.63999938964844,129.67999267578125,129.61000061035156,129.61000061035156,,3070.0
2022-10-21 14:11:00-04:00,129.6750030517578,129.72000122070312,129.42010498046875,129.42010498046875,,16393.0
2022-10-21 14:12:00-04:00,129.52000427246094,129.55999755859375,129.47999572753906,129.55999755859375,,3608.0
2022-10-21 14:13:00-04:00,129.60499572753906,129.60499572753906,129.22000122070312,129.24209594726562,,4516.0
2022-10-21 14:14:00-04:00,129.25,129.27000427246094,129.1300048828125,129.22000122070312,,4187.0
2022-10-21 14:15:00-04:00,129.22500610351562,129.3000030517578,128.9600067138672,128.9739990234375,,13228.0
2022-10-21 14:16:00-04:00,128.97000122070312,129.0,128.8699951171875,128.9600067138672,,3950.0
2022-10-21 14:17:00-04:00,128.91000366210938,129.11000061035156,128.86000061035156,129.05999755859375,,10439.0
2022-10-21 14:18:00-04:00,129.11000061035156,129.1199951171875,129.0500030517578,129.0500030517578,,2902.0
2022-10-21 14:19:00-04:00,129.11500549316406,129.16000366210938,128.9199981689453,128.94000244140625,,6152.0
2022-10-21 14:20:00-04:00,128.9199981689453,129.05999755859375,128.9199981689453,129.00999450683594,,2631.0
2022-10-21 14:21:00-04:00,129.0,129.07640075683594,128.99000549316406,129.0399932861328,,1983.0
2022-10-21 14:22:00-04:00,129.08999633789062,129.08999633789062,129.0399932861328,129.07000732421875,,1739.0
2022-10-21 14:23:00-04:00,129.10000610351562,129.10000610351562,128.97999572753906,129.07000732421875,,4147.0
2022-10-21 14:24:00-04:00,128.95010375976562,128.95010375976562,128.95010375976562,128.95010375976562,,2583.0
2022-10-21 14:25:00-04:00,129.0,129.00999450683594,128.8000030517578,128.8000030517578,,6481.0
2022-10-21 14:26:00-04:00,128.83999633789062,128.8592987060547,128.72999572753906,128.77000427246094,,4903.0
2022-10-21 14:27:00-04:00,128.77999877929688,128.9499053955078,128.77999877929688,128.9499053955078,,2722.0
2022-10-21 14:28:00-04:00,128.90499877929688,128.9499969482422,128.75999450683594,128.81500244140625,,6631.0
2022-10-21 14:29:00-04:00,128.82000732421875,128.85000610351562,128.81959533691406,128.84500122070312,,4553.0
2022-10-21 14:30:00-04:00,128.84500122070312,128.97000122070312,128.84500122070312,128.93499755859375,,5384.0
2022-10-21 14:31:00-04:00,128.97999572753906,128.99000549316406,128.94000244140625,128.94500732421875,,4406.0
2022-10-21 14:32:00-04:00,128.91000366210938,128.9199981689453,128.7675018310547,128.85000610351562,,6646.0
2022-10-21 14:33:00-04:00,128.8699951171875,128.875,128.810302734375,128.83399963378906,,147458.0
2022-10-21 14:34:00-04:00,128.85000610351562,128.85000610351562,128.69000244140625,128.78500366210938,,11602.0
2022-10-21 14:35:00-04:00,128.78500366210938,128.8300018310547,128.72999572753906,128.75,,4963.0
2022-10-21 14:36:00-04:00,128.75,128.75,128.4600067138672,128.51499938964844,,14234.0
2022-10-21 14:37:00-04:00,128.53500366210938,128.7899932861328,128.47000122070312,128.77499389648438,,9142.0
2022-10-21 14:38:00-04:00,128.8800048828125,128.92999267578125,128.6300048828125,128.63999938964844,,6055.0
2022-10-21 14:39:00-04:00,128.66000366210938,128.66000366210938,128.42160034179688,128.58999633789062,,6114.0
2022-10-21 14:40:00-04:00,128.60870361328125,128.74989318847656,128.60000610351562,128.69000244140625,,4603.0
2022-10-21 14:41:00-04:00,128.701904296875,128.84390258789062,128.6999969482422,128.75999450683594,,2245.0
2022-10-21 14:42:00-04:00,128.75999450683594,128.80999755859375,128.63999938964844,128.63999938964844,,8419.0
2022-10-21 14:43:00-04:00,128.67999267578125,128.67999267578125,128.41000366210938,128.49630737304688,,10454.0
2022-10-21 14:44:00-04:00,128.45010375976562,128.50990295410156,128.41000366210938,128.4499969482422,,3164.0
2022-10-21 14:45:00-04:00,128.4499969482422,128.61000061035156,128.17999267578125,128.25,,13507.0
2022-10-21 14:46:00-04:00,128.15499877929688,128.27999877929688,128.15499877929688,128.17999267578125,,4043.0
2022-10-21 14:47:00-04:00,128.14500427246094,128.3300018310547,128.14500427246094,128.3300018310547,,8486.0
2022-10-21 14:48:00-04:00,128.27999877929688,128.27999877929688,127.93000030517578,128.05999755859375,,11256.0
2022-10-21 14:49:00-04:00,128.02000427246094,128.08999633789062,128.0,128.0399932861328,,11522.0
2022-10-21 14:50:00-04:00,128.0399932861328,128.09500122070312,128.0050048828125,128.0050048828125,,7828.0
2022-10-21 14:51:00-04:00,128.02000427246094,128.17999267578125,128.0,128.14500427246094,,8714.0
2022-10-21 14:52:00-04:00,128.14500427246094,128.19000244140625,128.06309509277344,128.0800018310547,,14403.0
2022-10-21 14:53:00-04:00,128.0449981689453,128.0791015625,128.0,128.0,,8166.0
2022-10-21 14:54:00-04:00,128.05999755859375,128.1300048828125,128.0,128.0,,4065.0
2022-10-21 14:55:00-04:00,128.0,128.15780639648438,128.0,128.08999633789062,,10714.0
2022-10-21 14:56:00-04:00,128.1199951171875,128.1999969482422,128.11500549316406,128.11500549316406,,4954.0
2022-10-21 14:57:00-04:00,128.0500030517578,128.11500549316406,128.0,128.11500549316406,,9698.0
2022-10-21 14:58:00-04:00,128.11500549316406,128.17999267578125,128.0500030517578,128.17999267578125,,6712.0
2022-10-21 14:59:00-04:00,128.14500427246094,128.17999267578125,128.10000610351562,128.13999938964844,,5672.0
2022-10-21 15:00:00-04:00,128.13999938964844,128.17999267578125,128.1085968017578,128.1085968017578,,9300.0
2022-10-21 15:01:00-04:00,128.07000732421875,128.08999633789062,127.84500122070312,127.84500122070312,,11521.0
2022-10-21 15:02:00-04:00,127.8550033569336,127.8550033569336,127.76000213623047,127.76000213623047,,25129.0
2022-10-21 15:03:00-04:00,127.76290130615234,127.80999755859375,127.70919799804688,127.79499816894531,,9443.0
2022-10-21 15:04:00-04:00,127.79499816894531,127.8499984741211,127.75,127.79000091552734,,14748.0
2022-10-21 15:05:00-04:00,127.83000183105469,127.83000183105469,127.75,127.75,,14701.0
2022-10-21 15:06:00-04:00,127.75,127.79499816894531,127.75,127.79499816894531,,17883.0
2022-10-21 15:08:00-04:00,127.8499984741211,127.8499984741211,127.75,127.76499938964844,,25508.0
2022-10-21 15:09:00-04:00,127.7500991821289,127.96990203857422,127.7500991821289,127.91999816894531,,17588.0
2022-10-21 15:10:00-04:00,127.88999938964844,128.22999572753906,127.86000061035156,128.22999572753906,,17322.0
2022-10-21 15:11:00-04:00,128.22000122070312,128.30999755859375,128.14999389648438,128.29119873046875,,10211.0
2022-10-21 15:12:00-04:00,128.2686004638672,128.42909240722656,128.1999969482422,128.21839904785156,,11225.0
2022-10-21 15:13:00-04:00,128.30999755859375,128.30999755859375,128.1699981689453,128.22000122070312,,6401.0
2022-10-21 15:14:00-04:00,128.22999572753906,128.30999755859375,128.17999267578125,128.30999755859375,,2866.0
2022-10-21 15:15:00-04:00,128.36000061035156,128.36000061035156,128.2200927734375,128.2949981689453,,5451.0
2022-10-21 15:16:00-04:00,128.24000549316406,128.3300018310547,128.21499633789062,128.3300018310547,,6646.0
2022-10-21 15:17:00-04:00,128.38499450683594,128.42999267578125,128.3000030517578,128.36000061035156,,5707.0
2022-10-21 15:18:00-04:00,128.31500244140625,128.47999572753906,128.27000427246094,128.38999938964844,,10431.0
2022-10-21 15:19:00-04:00,128.44000244140625,128.44000244140625,128.3000030517578,128.3000030517578,,4500.0
2022-10-21 15:20:00-04:00,128.34500122070312,128.34500122070312,128.24000549316406,128.2899932861328,,4602.0
2022-10-21 15:21:00-04:00,128.3300018310547,128.44500732421875,128.3175048828125,128.44500732421875,,6802.0
2022-10-21 15:22:00-04:00,128.44000244140625,128.44000244140625,128.2550048828125,128.2550048828125,,8940.0
2022-10-21 15:23:00-04:00,128.32000732421875,128.32000732421875,128.1199951171875,128.2100067138672,,19486.0
2022-10-21 15:24:00-04:00,128.1750030517578,128.27000427246094,128.16000366210938,128.25,,11586.0
2022-10-21 15:25:00-04:00,128.25,128.2899932861328,128.25,128.28900146484375,,3630.0
2022-10-21 15:26:00-04:00,128.25,128.25999450683594,128.1300048828125,128.22999572753906,,10651.0
2022-10-21 15:27:00-04:00,128.22999572753906,128.41000366210938,128.2100067138672,128.36000061035156,,9849.0
2022-10-21 15:28:00-04:00,128.3000030517578,128.34500122070312,128.24000549316406,128.34500122070312,,8082.0
2022-10-21 15:29:00-04:00,128.34500122070312,128.468994140625,128.34500122070312,128.42999267578125,,5381.0
2022-10-21 15:30:00-04:00,128.44000244140625,128.4499969482422,128.30499267578125,128.3249969482422,,15341.0
2022-10-21 15:31:00-04:00,128.3249969482422,128.42520141601562,128.27000427246094,128.27000427246094,,14257.0
2022-10-21 15:32:00-04:00,128.25,128.32000732421875,128.25,128.25,,11198.0
2022-10-21 15:33:00-04:00,128.2899932861328,128.38299560546875,128.25,128.25,,11709.0
2022-10-21 15:34:00-04:00,128.25,128.32000732421875,128.22999572753906,128.25999450683594,,32446.0
2022-10-21 15:35:00-04:00,128.25,128.25,128.0,128.0500030517578,,16800.0
2022-10-21 15:36:00-04:00,128.0500030517578,128.22000122070312,128.0500030517578,128.13999938964844,,10559.0
2022-10-21 15:37:00-04:00,128.1649932861328,128.1999969482422,128.02789306640625,128.02789306640625,,8763.0
2022-10-21 15:38:00-04:00,128.07000732421875,128.2100067138672,128.0,128.16000366210938,,18048.0
2022-10-21 15:39:00-04:00,128.0800018310547,128.10000610351562,128.00999450683594,128.0749969482422,,14154.0
2022-10-21 15:40:00-04:00,128.02999877929688,128.25,127.94999694824219,128.24989318847656,,29239.0
2022-10-21 15:41:00-04:00,128.25,128.25,128.02999877929688,128.02999877929688,,12160.0
2022-10-21 15:42:00-04:00,128.03500366210938,128.0399932861328,128.0,128.0,,9931.0
2022-10-21 15:43:00-04:00,128.00999450683594,128.0399932861328,128.0,128.02499389648438,,21645.0
2022-10-21 15:44:00-04:00,128.03500366210938,128.07000732421875,127.98999786376953,128.00999450683594,,16644.0
2022-10-21 15:45:00-04:00,128.00999450683594,128.05999755859375,128.0,128.02000427246094,,20350.0
2022-10-21 15:46:00-04:00,128.00039672851562,128.1300048828125,128.0,128.00999450683594,,28407.0
2022-10-21 15:47:00-04:00,128.00999450683594,128.07000732421875,127.80000305175781,127.80000305175781,,23530.0
2022-10-21 15:48:00-04:00,127.80059814453125,127.95179748535156,127.80059814453125,127.93000030517578,,11619.0
2022-10-21 15:49:00-04:00,127.93000030517578,128.0050048828125,127.8949966430664,127.94999694824219,,14111.0
2022-10-21 15:50:00-04:00,127.95999908447266,128.0399932861328,127.88999938964844,128.0,,30391.0
2022-10-21 15:51:00-04:00,128.00999450683594,128.10000610351562,127.9800033569336,128.0576934814453,,25070.0
2022-10-21 15:52:00-04:00,128.06500244140625,128.1199951171875,128.0,128.10000610351562,,26035.0
2022-10-21 15:53:00-04:00,128.1199951171875,128.25999450683594,128.08999633789062,128.25,,26938.0
2022-10-21 15:54:00-04:00,128.25,128.36000061035156,128.1999969482422,128.2899932861328,,42589.0
2022-10-21 15:55:00-04:00,128.25999450683594,128.27499389648438,128.1750030517578,128.2050018310547,,53555.0
2022-10-21 15:56:00-04:00,128.1999969482422,128.27349853515625,128.19900512695312,128.25,,41200.0
2022-10-21 15:57:00-04:00,128.25999450683594,128.27000427246094,128.1699981689453,128.24000549316406,,55990.0
2022-10-21 15:58:00-04:00,128.22000122070312,128.2899932861328,128.1999969482422,128.25999450683594,,74044.0
2022-10-21 15:59:00-04:00,128.27000427246094,128.39999389648438,128.25,128.3300018310547,,176247.0
2022-10-24 09:30:00-04:00,127.48999786376953,128.0,126.72000122070312,127.43000030517578,,97588.0
2022-10-24 09:31:00-04:00,127.4833984375,128.0,127.16999816894531,127.73500061035156,,19536.0
2022-10-24 09:32:00-04:00,127.51000213623047,127.91999816894531,127.0,127.62999725341797,,26201.0
2022-10-24 09:33:00-04:00,127.52999877929688,127.67559814453125,126.86000061035156,127.0,,23707.0
2022-10-24 09:34:00-04:00,127.26000213623047,128.0,127.01000213623047,128.0,,17768.0
2022-10-24 09:35:00-04:00,127.91999816894531,128.79989624023438,127.55000305175781,128.7480010986328,,15943.0
2022-10-24 09:36:00-04:00,128.6999969482422,129.23989868164062,128.5449981689453,129.1750030517578,,26191.0
2022-10-24 09:37:00-04:00,129.1699981689453,130.3699951171875,129.1199951171875,129.88999938964844,,43620.0
2022-10-24 09:38:00-04:00,129.92010498046875,130.3699951171875,129.00999450683594,129.00999450683594,,30979.0
2022-10-24 09:39:00-04:00,129.1219940185547,130.30780029296875,128.64500427246094,129.56500244140625,,19371.0
2022-10-24 09:40:00-04:00,129.56500244140625,129.61000061035156,128.75999450683594,128.93499755859375,,23312.0
2022-10-24 09:41:00-04:00,128.94000244140625,129.85000610351562,128.75,129.35499572753906,,10539.0
2022-10-24 09:42:00-04:00,129.3699951171875,129.88999938964844,129.22999572753906,129.60000610351562,,17221.0
2022-10-24 09:43:00-04:00,129.39500427246094,129.39500427246094,129.38999938964844,129.38999938964844,,35026.0
2022-10-24 09:44:00-04:00,129.5,129.6580047607422,129.44000244140625,129.5749969482422,,15595.0
2022-10-24 09:45:00-04:00,130.5,130.5,130.5,130.5,,77675.0
2022-10-24 09:46:00-04:00,130.80499267578125,130.97999572753906,130.77499389648438,130.80499267578125,,16293.0
2022-10-24 09:47:00-04:00,130.67999267578125,130.86000061035156,130.59140014648438,130.59140014648438,,27011.0
2022-10-24 09:48:00-04:00,130.67999267578125,130.86529541015625,130.5399932861328,130.6750030517578,,33101.0
2022-10-24 09:49:00-04:00,131.5,131.5,131.33999633789062,131.33999633789062,,43930.0
2022-10-24 09:50:00-04:00,131.1999969482422,131.2100067138672,131.02999877929688,131.2100067138672,,24236.0
2022-10-24 09:51:00-04:00,131.25,131.38400268554688,131.14999389648438,131.19000244140625,,12832.0
2022-10-24 09:52:00-04:00,130.9499969482422,131.25999450683594,130.90899658203125,131.21279907226562,,20518.0
2022-10-24 09:53:00-04:00,131.30859375,131.6999969482422,131.25999450683594,131.49000549316406,,30762.0
2022-10-24 09:54:00-04:00,131.75,131.75990295410156,131.3000946044922,131.5399932861328,,39825.0
2022-10-24 09:55:00-04:00,131.60989379882812,132.22999572753906,131.52999877929688,131.94000244140625,,59700.0
2022-10-24 09:56:00-04:00,132.0,132.22999572753906,131.8159942626953,132.22999572753906,,18828.0
2022-10-24 09:57:00-04:00,132.5,132.77720642089844,132.13999938964844,132.3000030517578,,64394.0
2022-10-24 09:58:00-04:00,131.8249969482422,132.2899932861328,131.64999389648438,131.6699981689453,,20573.0
2022-10-24 09:59:00-04:00,131.7899932861328,131.92999267578125,131.66000366210938,131.7100067138672,,11281.0
2022-10-24 10:00:00-04:00,131.73500061035156,131.76820373535156,130.77439880371094,131.0,,24601.0
2022-10-24 10:01:00-04:00,130.94500732421875,131.0,130.4600067138672,130.4600067138672,,17787.0
2022-10-24 10:02:00-04:00,130.38999938964844,130.55999755859375,129.69009399414062,129.75999450683594,,32383.0
2022-10-24 10:03:00-04:00,129.69129943847656,129.86529541015625,129.22000122070312,129.50999450683594,,26036.0
2022-10-24 10:04:00-04:00,129.50990295410156,129.58990478515625,129.42999267578125,129.5,,5600.0
2022-10-24 10:05:00-04:00,129.41000366210938,129.8800048828125,129.27999877929688,129.27999877929688,,14152.0
2022-10-24 10:06:00-04:00,129.30880737304688,129.61000061035156,129.14999389648438,129.5800018310547,,20644.0
2022-10-24 10:07:00-04:00,129.4250030517578,130.05059814453125,129.4250030517578,129.5,,27137.0
2022-10-24 10:08:00-04:00,129.375,129.41000366210938,129.08999633789062,129.10000610351562,,32648.0
2022-10-24 10:09:00-04:00,129.0399932861328,129.3699951171875,129.0399932861328,129.3699951171875,,12742.0
2022-10-24 10:10:00-04:00,129.42160034179688,129.84500122070312,129.3699951171875,129.7093048095703,,9179.0
2022-10-24 10:11:00-04:00,129.70669555664062,129.85000610351562,129.67999267578125,129.7899932861328,,9784.0
2022-10-24 10:12:00-04:00,129.77000427246094,130.11000061035156,129.75999450683594,129.94500732421875,,6895.0
2022-10-24 10:13:00-04:00,130.00990295410156,130.16619873046875,129.8800048828125,130.10000610351562,,8742.0
2022-10-24 10:14:00-04:00,130.13999938964844,130.3000030517578,129.9600067138672,130.28500366210938,,13250.0
2022-10-24 10:15:00-04:00,130.3249969482422,130.32879638671875,129.94000244140625,129.9499969482422,,4852.0
2022-10-24 10:16:00-04:00,130.0301055908203,130.13999938964844,129.89999389648438,130.0,,21097.0
2022-10-24 10:17:00-04:00,130.0800018310547,130.0800018310547,129.5500946044922,129.91000366210938,,21294.0
2022-10-24 10:18:00-04:00,130.0500030517578,130.14999389648438,130.02999877929688,130.09500122070312,,10505.0
2022-10-24 10:19:00-04:00,130.14939880371094,130.18499755859375,129.85000610351562,129.99000549316406,,12196.0
2022-10-24 10:20:00-04:00,129.86000061035156,129.9499969482422,128.88999938964844,129.17999267578125,,17804.0
2022-10-24 10:21:00-04:00,129.13999938964844,129.25,128.91000366210938,128.9600067138672,,10634.0
2022-10-24 10:22:00-04:00,129.02999877929688,129.38999938964844,129.02850341796875,129.1999969482422,,9494.0
2022-10-24 10:23:00-04:00,129.02999877929688,129.02999877929688,128.63999938964844,128.69000244140625,,17069.0
2022-10-24 10:24:00-04:00,128.68829345703125,128.85000610351562,128.57000732421875,128.7899932861328,,10307.0
2022-10-24 10:25:00-04:00,128.69009399414062,129.1199951171875,128.69009399414062,129.08999633789062,,4830.0
2022-10-24 10:26:00-04:00,128.7949981689453,128.7949981689453,128.2550048828125,128.2550048828125,,10166.0
2022-10-24 10:27:00-04:00,128.28489685058594,128.55999755859375,128.11000061035156,128.54820251464844,,11779.0
2022-10-24 10:28:00-04:00,128.5050048828125,128.5050048828125,128.2100067138672,128.35000610351562,,6560.0
2022-10-24 10:29:00-04:00,128.47999572753906,128.75340270996094,128.39999389648438,128.63499450683594,,8789.0
2022-10-24 10:30:00-04:00,128.52999877929688,128.52999877929688,128.2100067138672,128.2899932861328,,5977.0
2022-10-24 10:31:00-04:00,128.3715057373047,128.91000366210938,128.30999755859375,128.74049377441406,,14167.0
2022-10-24 10:32:00-04:00,128.86000061035156,129.0821075439453,128.86000061035156,128.94500732421875,,11634.0
2022-10-24 10:33:00-04:00,128.94500732421875,128.94500732421875,128.72999572753906,128.75399780273438,,3746.0
2022-10-24 10:34:00-04:00,128.5800018310547,129.10000610351562,128.55999755859375,129.10000610351562,,5880.0
2022-10-24 10:35:00-04:00,129.10000610351562,129.47000122070312,128.97999572753906,129.36000061035156,,19019.0
2022-10-24 10:36:00-04:00,129.39999389648438,129.6300048828125,129.32000732421875,129.50999450683594,,7483.0
2022-10-24 10:37:00-04:00,129.49000549316406,129.6199951171875,129.2187042236328,129.38510131835938,,10405.0
2022-10-24 10:38:00-04:00,129.35499572753906,129.83999633789062,129.24000549316406,129.63999938964844,,4932.0
2022-10-24 10:39:00-04:00,129.8914031982422,130.0500030517578,129.8699951171875,129.92999267578125,,6436.0
2022-10-24 10:40:00-04:00,129.88999938964844,129.9499969482422,129.7310028076172,129.88999938964844,,5168.0
2022-10-24 10:41:00-04:00,129.75999450683594,129.75999450683594,129.47000122070312,129.4727020263672,,5663.0
2022-10-24 10:42:00-04:00,129.5399932861328,129.66000366210938,129.5399932861328,129.66000366210938,,1385.0
2022-10-24 10:43:00-04:00,129.72999572753906,129.72999572753906,129.33140563964844,129.5334014892578,,9290.0
2022-10-24 10:44:00-04:00,129.42999267578125,129.86270141601562,129.42999267578125,129.75,,6115.0
2022-10-24 10:45:00-04:00,129.64999389648438,129.82989501953125,129.47999572753906,129.6300048828125,,6245.0
2022-10-24 10:46:00-04:00,129.61000061035156,129.75750732421875,129.5399932861328,129.75750732421875,,4067.0
2022-10-24 10:47:00-04:00,129.82000732421875,130.19000244140625,129.77000427246094,130.0850067138672,,9418.0
2022-10-24 10:48:00-04:00,130.0959930419922,130.24000549316406,130.0500030517578,130.11000061035156,,7243.0
2022-10-24 10:49:00-04:00,130.19000244140625,130.22999572753906,129.9199981689453,130.08999633789062,,7270.0
2022-10-24 10:50:00-04:00,129.97999572753906,130.58999633789062,129.97000122070312,130.51499938964844,,21473.0
2022-10-24 10:51:00-04:00,130.51499938964844,131.0449981689453,130.51499938964844,130.99000549316406,,13983.0
2022-10-24 10:52:00-04:00,131.00999450683594,131.07090759277344,130.80999755859375,130.89999389648438,,9886.0
2022-10-24 10:53:00-04:00,130.83999633789062,131.08999633789062,130.83999633789062,130.97000122070312,,7022.0
2022-10-24 10:54:00-04:00,130.94000244140625,130.99000549316406,130.72000122070312,130.99000549316406,,5844.0
2022-10-24 10:55:00-04:00,131.3424072265625,131.3699951171875,130.97999572753906,131.05499267578125,,18065.0
2022-10-24 10:56:00-04:00,130.7899932861328,130.9425048828125,130.67660522460938,130.8699951171875,,3236.0
2022-10-24 10:57:00-04:00,130.82000732421875,130.86000061035156,130.67999267578125,130.71499633789062,,4181.0
2022-10-24 10:58:00-04:00,130.72000122070312,130.75,130.50999450683594,130.60000610351562,,4506.0
2022-10-24 11:00:00-04:00,131.0800018310547,131.0800018310547,130.63999938964844,130.8896026611328,,10950.0
2022-10-24 11:01:00-04:00,130.88999938964844,130.89999389648438,130.8300018310547,130.88999938964844,,1464.0
2022-10-24 11:02:00-04:00,131.2550048828125,131.2550048828125,130.9499969482422,130.97000122070312,,11684.0
2022-10-24 11:03:00-04:00,130.9600067138672,130.9600067138672,130.8699951171875,130.8800048828125,,2006.0
2022-10-24 11:04:00-04:00,130.75,130.8000030517578,130.67250061035156,130.77999877929688,,6639.0
2022-10-24 11:05:00-04:00,130.72000122070312,130.8988037109375,130.72000122070312,130.83999633789062,,1963.0
2022-10-24 11:06:00-04:00,130.85000610351562,130.99000549316406,130.74000549316406,130.75999450683594,,5555.0
2022-10-24 11:07:00-04:00,130.5,130.64990234375,130.5,130.63999938964844,,8766.0
2022-10-24 11:08:00-04:00,130.5,130.61099243164062,130.5,130.61099243164062,,741.0
2022-10-24 11:09:00-04:00,130.597900390625,130.67999267578125,130.597900390625,130.6300048828125,,11671.0
2022-10-24 11:10:00-04:00,130.5850067138672,130.5850067138672,130.3800048828125,130.5500030517578,,6750.0
2022-10-24 11:11:00-04:00,130.49000549316406,130.6699981689453,130.3699951171875,130.6699981689453,,5472.0
2022-10-24 11:12:00-04:00,130.8300018310547,130.9199981689453,130.58999633789062,130.8800048828125,,7344.0
2022-10-24 11:13:00-04:00,130.85499572753906,130.85499572753906,130.64999389648438,130.77999877929688,,3795.0
2022-10-24 11:14:00-04:00,130.91000366210938,131.13999938964844,130.89500427246094,131.12710571289062,,6404.0
2022-10-24 11:15:00-04:00,131.1699981689453,131.4759063720703,131.00999450683594,131.3800048828125,,8888.0
2022-10-24 11:16:00-04:00,131.30999755859375,131.35499572753906,130.97999572753906,130.97999572753906,,5313.0
2022-10-24 11:17:00-04:00,130.80499267578125,130.86000061035156,130.32000732421875,130.32000732421875,,6500.0
2022-10-24 11:18:00-04:00,130.35000610351562,130.59500122070312,130.34010314941406,130.55999755859375,,4409.0
2022-10-24 11:19:00-04:00,130.66830444335938,130.7550048828125,130.59649658203125,130.7550048828125,,4708.0
2022-10-24 11:20:00-04:00,130.8800048828125,130.8800048828125,130.67999267578125,130.82000732421875,,5945.0
2022-10-24 11:21:00-04:00,130.86500549316406,131.05999755859375,130.86180114746094,131.0,,3585.0
2022-10-24 11:22:00-04:00,131.13999938964844,131.32000732421875,131.13999938964844,131.27000427246094,,2753.0
2022-10-24 11:23:00-04:00,131.24000549316406,131.25,131.08999633789062,131.22999572753906,,2680.0
2022-10-24 11:24:00-04:00,131.19430541992188,131.24000549316406,131.0500030517578,131.13499450683594,,3279.0
2022-10-24 11:25:00-04:00,131.17999267578125,131.39999389648438,131.1699981689453,131.3000030517578,,8607.0
2022-10-24 11:26:00-04:00,131.25999450683594,131.25999450683594,130.85000610351562,130.9600067138672,,7357.0
2022-10-24 11:27:00-04:00,130.88999938964844,131.13999938964844,130.85000610351562,131.10000610351562,,12342.0
2022-10-24 11:28:00-04:00,131.13580322265625,131.76820373535156,131.1300048828125,131.668701171875,,20174.0
2022-10-24 11:29:00-04:00,131.6699981689453,131.77000427246094,131.63999938964844,131.6699981689453,,5794.0
2022-10-24 11:30:00-04:00,131.64999389648438,131.88999938964844,131.64999389648438,131.8800048828125,,7240.0
2022-10-24 11:31:00-04:00,131.85499572753906,131.86000061035156,131.6501007080078,131.8000030517578,,8197.0
2022-10-24 11:32:00-04:00,131.82000732421875,131.9199981689453,131.61000061035156,131.61000061035156,,6799.0
2022-10-24 11:33:00-04:00,131.6999969482422,131.75,131.47000122070312,131.60000610351562,,14424.0
2022-10-24 11:34:00-04:00,131.5850067138672,131.59500122070312,131.5850067138672,131.59500122070312,,1217.0
2022-10-24 11:35:00-04:00,131.5500030517578,132.0500030517578,131.5399932861328,131.9600067138672,,16419.0
2022-10-24 11:36:00-04:00,131.97999572753906,132.19000244140625,131.77999877929688,132.19000244140625,,7084.0
2022-10-24 11:37:00-04:00,132.0800018310547,132.0800018310547,131.74000549316406,131.83999633789062,,5617.0
2022-10-24 11:38:00-04:00,131.64999389648438,131.66000366210938,131.47000122070312,131.6300048828125,,3746.0
2022-10-24 11:39:00-04:00,131.5399932861328,131.61000061035156,131.5,131.55999755859375,,3705.0
2022-10-24 11:40:00-04:00,131.6199951171875,131.68499755859375,131.5,131.68499755859375,,9483.0
2022-10-24 11:41:00-04:00,131.6999969482422,131.7382049560547,131.49000549316406,131.5800018310547,,6198.0
2022-10-24 11:42:00-04:00,131.5800018310547,131.77859497070312,131.52000427246094,131.77859497070312,,6654.0
2022-10-24 11:43:00-04:00,131.77999877929688,131.80999755859375,131.47999572753906,131.5399932861328,,5013.0
2022-10-24 11:44:00-04:00,131.4774932861328,131.60000610351562,131.3699951171875,131.55499267578125,,8124.0
2022-10-24 11:45:00-04:00,131.5500030517578,131.5500030517578,131.3699951171875,131.3699951171875,,3588.0
2022-10-24 11:46:00-04:00,131.3300018310547,131.3300018310547,131.0800018310547,131.17999267578125,,10308.0
2022-10-24 11:47:00-04:00,131.20669555664062,131.49000549316406,131.1199951171875,131.3699951171875,,7182.0
2022-10-24 11:48:00-04:00,131.44000244140625,131.52850341796875,131.2100067138672,131.43350219726562,,4677.0
2022-10-24 11:49:00-04:00,131.47000122070312,131.7100067138672,131.36000061035156,131.7100067138672,,3522.0
2022-10-24 11:50:00-04:00,131.6999969482422,131.7899932861328,131.52999877929688,131.60000610351562,,4833.0
2022-10-24 11:51:00-04:00,131.7100067138672,132.04249572753906,131.7100067138672,131.92999267578125,,7304.0
2022-10-24 11:52:00-04:00,131.97999572753906,132.38499450683594,131.97999572753906,132.25,,12229.0
2022-10-24 11:53:00-04:00,132.3000030517578,132.3699951171875,132.25,132.27499389648438,,3542.0
2022-10-24 11:54:00-04:00,132.24000549316406,132.35000610351562,132.17849731445312,132.35000610351562,,8624.0
2022-10-24 11:55:00-04:00,132.3699951171875,132.4499969482422,132.27000427246094,132.36000061035156,,7090.0
2022-10-24 11:56:00-04:00,132.2899932861328,132.4199981689453,132.26010131835938,132.26010131835938,,8714.0
2022-10-24 11:57:00-04:00,132.4199981689453,132.4199981689453,132.32000732421875,132.39500427246094,,4098.0
2022-10-24 11:58:00-04:00,132.44000244140625,132.52490234375,132.41000366210938,132.41000366210938,,11237.0
2022-10-24 11:59:00-04:00,132.47000122070312,132.5800018310547,132.47000122070312,132.57749938964844,,4521.0
2022-10-24 12:00:00-04:00,132.47999572753906,132.5800018310547,132.4199981689453,132.5749969482422,,10164.0
2022-10-24 12:01:00-04:00,132.61000061035156,132.61000061035156,132.2899932861328,132.2899932861328,,7959.0
2022-10-24 12:02:00-04:00,132.1999969482422,132.22999572753906,132.11000061035156,132.22999572753906,,2455.0
2022-10-24 12:03:00-04:00,132.1999969482422,132.2100067138672,132.07110595703125,132.19000244140625,,6294.0
2022-10-24 12:04:00-04:00,132.14500427246094,132.14500427246094,131.89999389648438,132.1300048828125,,11565.0
2022-10-24 12:05:00-04:00,132.1999969482422,132.5,132.14999389648438,132.5,,7108.0
2022-10-24 12:06:00-04:00,132.4499969482422,132.55999755859375,132.368896484375,132.45919799804688,,6049.0
2022-10-24 12:07:00-04:00,132.49159240722656,132.52000427246094,132.32000732421875,132.52000427246094,,5801.0
2022-10-24 12:08:00-04:00,132.52000427246094,132.75,132.4600067138672,132.75,,6986.0
2022-10-24 12:09:00-04:00,132.75,132.77999877929688,132.5800018310547,132.75999450683594,,6161.0
2022-10-24 12:10:00-04:00,132.73069763183594,132.8350067138672,132.6699981689453,132.7449951171875,,10603.0
2022-10-24 12:11:00-04:00,132.67999267578125,133.0399932861328,132.67999267578125,133.0,,17413.0
2022-10-24 12:12:00-04:00,132.9949951171875,133.22999572753906,132.9499969482422,133.2100067138672,,12340.0
2022-10-24 12:13:00-04:00,133.2100067138672,133.27999877929688,133.14999389648438,133.19500732421875,,6341.0
2022-10-24 12:14:00-04:00,133.22999572753906,133.4398956298828,133.21499633789062,133.39999389648438,,6262.0
2022-10-24 12:15:00-04:00,133.3690948486328,133.4499969482422,133.2899932861328,133.33999633789062,,6930.0
2022-10-24 12:16:00-04:00,133.38999938964844,133.38999938964844,133.22999572753906,133.22999572753906,,5967.0
2022-10-24 12:17:00-04:00,133.22999572753906,133.38999938964844,133.17990112304688,133.38999938964844,,11692.0
2022-10-24 12:18:00-04:00,133.39930725097656,133.47000122070312,133.27999877929688,133.4499969482422,,9202.0
2022-10-24 12:19:00-04:00,133.49000549316406,133.49000549316406,133.3699951171875,133.3699951171875,,7211.0
2022-10-24 12:20:00-04:00,133.47000122070312,133.47999572753906,133.2200927734375,133.3300018310547,,4332.0
2022-10-24 12:21:00-04:00,133.1999969482422,133.35000610351562,133.17999267578125,133.35000610351562,,3144.0
2022-10-24 12:22:00-04:00,133.3800048828125,133.63499450683594,133.36000061035156,133.61000061035156,,10928.0
2022-10-24 12:23:00-04:00,133.61000061035156,133.6199951171875,133.39500427246094,133.52000427246094,,7345.0
2022-10-24 12:24:00-04:00,133.41000366210938,133.61399841308594,133.41000366210938,133.57000732421875,,3715.0
2022-10-24 12:25:00-04:00,133.61000061035156,133.7996063232422,133.57000732421875,133.69500732421875,,9385.0
2022-10-24 12:26:00-04:00,133.71499633789062,133.80999755859375,133.6199951171875,133.73500061035156,,14741.0
2022-10-24 12:27:00-04:00,133.72999572753906,133.7899932861328,133.7100067138672,133.7899932861328,,6014.0
2022-10-24 12:28:00-04:00,133.7895965576172,133.90499877929688,133.6999969482422,133.7382049560547,,13447.0
2022-10-24 12:29:00-04:00,133.64999389648438,133.67999267578125,133.49000549316406,133.57000732421875,,7959.0
2022-10-24 12:30:00-04:00,133.62890625,133.62890625,133.47999572753906,133.5500030517578,,6421.0
2022-10-24 12:31:00-04:00,133.55499267578125,133.69000244140625,133.50999450683594,133.67999267578125,,9681.0
2022-10-24 12:32:00-04:00,133.72000122070312,133.76820373535156,133.3300018310547,133.37010192871094,,13872.0
2022-10-24 12:33:00-04:00,133.3699951171875,133.38999938964844,133.16000366210938,133.24180603027344,,7437.0
2022-10-24 12:34:00-04:00,133.26499938964844,133.30999755859375,133.16000366210938,133.16000366210938,,7699.0
2022-10-24 12:35:00-04:00,133.25999450683594,133.3300018310547,133.19000244140625,133.19000244140625,,3899.0
2022-10-24 12:36:00-04:00,133.20799255371094,133.26950073242188,132.97000122070312,132.97000122070312,,6380.0
2022-10-24 12:37:00-04:00,132.9949951171875,133.1199951171875,132.9949951171875,133.11000061035156,,5483.0
2022-10-24 12:38:00-04:00,133.09939575195312,133.09939575195312,132.8000030517578,132.8000030517578,,5491.0
2022-10-24 12:39:00-04:00,132.75999450683594,132.78919982910156,132.61000061035156,132.61000061035156,,3678.0
2022-10-24 12:40:00-04:00,132.63999938964844,132.72999572753906,132.47000122070312,132.4700927734375,,14729.0
2022-10-24 12:41:00-04:00,132.5500030517578,132.6300048828125,132.39999389648438,132.39999389648438,,6678.0
2022-10-24 12:42:00-04:00,132.38999938964844,132.49000549316406,132.32009887695312,132.4600067138672,,3385.0
2022-10-24 12:43:00-04:00,132.37489318847656,132.76980590820312,132.37489318847656,132.76980590820312,,6001.0
2022-10-24 12:44:00-04:00,132.75,132.8000030517578,132.6699981689453,132.68499755859375,,2840.0
2022-10-24 12:45:00-04:00,132.67999267578125,132.67999267578125,132.5500030517578,132.6199951171875,,3950.0
2022-10-24 12:46:00-04:00,132.66000366210938,132.67999267578125,132.52999877929688,132.67999267578125,,2263.0
2022-10-24 12:47:00-04:00,132.69000244140625,132.88999938964844,132.69000244140625,132.83050537109375,,7477.0
2022-10-24 12:48:00-04:00,132.83990478515625,132.88499450683594,132.63999938964844,132.64999389648438,,6139.0
2022-10-24 12:49:00-04:00,132.61000061035156,132.6699981689453,132.52000427246094,132.52999877929688,,3163.0
2022-10-24 12:50:00-04:00,132.5500030517578,132.67990112304688,132.5500030517578,132.63999938964844,,4107.0
2022-10-24 12:51:00-04:00,132.72000122070312,132.7899932861328,132.65879821777344,132.65879821777344,,2110.0
2022-10-24 12:52:00-04:00,132.58999633789062,132.64320373535156,132.58999633789062,132.64320373535156,,1786.0
2022-10-24 12:53:00-04:00,132.66000366210938,132.75999450683594,132.66000366210938,132.6999969482422,,3118.0
2022-10-24 12:54:00-04:00,132.6999969482422,132.86000061035156,132.6999969482422,132.77999877929688,,3378.0
2022-10-24 12:55:00-04:00,132.7100067138672,132.7100067138672,132.5800018310547,132.61000061035156,,2132.0
2022-10-24 12:56:00-04:00,132.6300048828125,132.6699981689453,132.5749969482422,132.64999389648438,,1349.0
2022-10-24 12:57:00-04:00,132.6199951171875,132.6199951171875,132.50259399414062,132.5449981689453,,7167.0
2022-10-24 12:58:00-04:00,132.5,132.5800018310547,132.5,132.56500244140625,,3523.0
2022-10-24 12:59:00-04:00,132.57000732421875,132.64500427246094,132.5,132.55690002441406,,4055.0
2022-10-24 13:00:00-04:00,132.57000732421875,132.57000732421875,132.42999267578125,132.4373016357422,,4321.0
2022-10-24 13:01:00-04:00,132.41000366210938,132.41000366210938,132.1999969482422,132.27000427246094,,4402.0
2022-10-24 13:02:00-04:00,132.3000030517578,132.4600067138672,132.3000030517578,132.4600067138672,,3153.0
2022-10-24 13:03:00-04:00,132.40089416503906,132.4199981689453,132.33970642089844,132.33970642089844,,893.0
2022-10-24 13:04:00-04:00,132.3300018310547,132.5449981689453,132.3000030517578,132.50999450683594,,3419.0
2022-10-24 13:05:00-04:00,132.60000610351562,132.66000366210938,132.57000732421875,132.57000732421875,,2545.0
2022-10-24 13:06:00-04:00,132.55999755859375,132.55999755859375,132.42999267578125,132.47500610351562,,2951.0
2022-10-24 13:07:00-04:00,132.48500061035156,132.57000732421875,132.48500061035156,132.57000732421875,,2250.0
2022-10-24 13:08:00-04:00,132.6699981689453,132.72349548339844,132.63999938964844,132.706298828125,,2438.0
2022-10-24 13:09:00-04:00,132.6300048828125,132.75,132.6300048828125,132.75,,2248.0
2022-10-24 13:10:00-04:00,132.75,132.7989959716797,132.64999389648438,132.67999267578125,,3617.0
2022-10-24 13:11:00-04:00,132.64999389648438,132.64999389648438,132.42999267578125,132.46499633789062,,6421.0
2022-10-24 13:12:00-04:00,132.41000366210938,132.4647979736328,132.41000366210938,132.4647979736328,,860.0
2022-10-24 13:13:00-04:00,132.4600067138672,132.4600067138672,132.3800048828125,132.39999389648438,,3902.0
2022-10-24 13:14:00-04:00,132.4600067138672,132.52999877929688,132.39999389648438,132.52099609375,,1889.0
2022-10-24 13:15:00-04:00,132.46200561523438,132.50999450683594,132.42999267578125,132.47999572753906,,1639.0
2022-10-24 13:16:00-04:00,132.4199981689453,132.4199981689453,132.22000122070312,132.33999633789062,,2846.0
2022-10-24 13:17:00-04:00,132.32000732421875,132.50999450683594,132.32000732421875,132.42999267578125,,2278.0
2022-10-24 13:18:00-04:00,132.44419860839844,132.47999572753906,132.25,132.25,,1082.0
2022-10-24 13:19:00-04:00,132.2115020751953,132.39500427246094,132.2115020751953,132.35000610351562,,2683.0
2022-10-24 13:20:00-04:00,132.31329345703125,132.31500244140625,132.0500030517578,132.0500030517578,,4136.0
2022-10-24 13:21:00-04:00,132.14999389648438,132.1999969482422,132.0,132.1999969482422,,11010.0
2022-10-24 13:22:00-04:00,132.14500427246094,132.1999969482422,131.97999572753906,132.05999755859375,,1336.0
2022-10-24 13:23:00-04:00,132.097900390625,132.16000366210938,131.99009704589844,132.0050048828125,,2267.0
2022-10-24 13:24:00-04:00,132.04469299316406,132.1300048828125,131.9499969482422,132.1300048828125,,3938.0
2022-10-24 13:25:00-04:00,132.13999938964844,132.1999969482422,132.12449645996094,132.1699981689453,,4294.0
2022-10-24 13:26:00-04:00,132.24000549316406,132.36419677734375,132.24000549316406,132.36419677734375,,3124.0
2022-10-24 13:27:00-04:00,132.47999572753906,132.5449981689453,132.27999877929688,132.36000061035156,,4730.0
2022-10-24 13:28:00-04:00,132.3300018310547,132.39999389648438,132.25999450683594,132.38499450683594,,4394.0
2022-10-24 13:29:00-04:00,132.4001007080078,132.52999877929688,132.39999389648438,132.39999389648438,,7816.0
2022-10-24 13:30:00-04:00,132.33999633789062,132.42999267578125,132.32000732421875,132.37759399414062,,2857.0
2022-10-24 13:31:00-04:00,132.3000030517578,132.3000030517578,132.14999389648438,132.19000244140625,,1760.0
2022-10-24 13:32:00-04:00,132.11000061035156,132.1199951171875,131.9499969482422,132.06500244140625,,4034.0
2022-10-24 13:33:00-04:00,132.13999938964844,132.22999572753906,132.1300048828125,132.1300048828125,,1583.0
2022-10-24 13:34:00-04:00,132.1199951171875,132.1699981689453,132.0500030517578,132.1300048828125,,2336.0
2022-10-24 13:35:00-04:00,132.13499450683594,132.13499450683594,132.02999877929688,132.03500366210938,,7321.0
2022-10-24 13:36:00-04:00,132.0175018310547,132.02969360351562,131.86000061035156,131.92999267578125,,6314.0
2022-10-24 13:37:00-04:00,131.9199981689453,132.0399932861328,131.9199981689453,132.01499938964844,,3710.0
2022-10-24 13:38:00-04:00,132.05999755859375,132.1699981689453,132.05999755859375,132.16000366210938,,3591.0
2022-10-24 13:39:00-04:00,132.16000366210938,132.3000030517578,132.15499877929688,132.1999969482422,,2453.0
2022-10-24 13:40:00-04:00,132.27000427246094,132.3800048828125,132.27000427246094,132.3800048828125,,2358.0
2022-10-24 13:41:00-04:00,132.30499267578125,132.34210205078125,132.27000427246094,132.34210205078125,,2143.0
2022-10-24 13:42:00-04:00,132.3800048828125,132.49000549316406,132.3300018310547,132.44000244140625,,3349.0
2022-10-24 13:43:00-04:00,132.42999267578125,132.4783935546875,132.42999267578125,132.44500732421875,,1217.0
2022-10-24 13:44:00-04:00,132.44000244140625,132.5,132.39999389648438,132.4499969482422,,3990.0
2022-10-24 13:45:00-04:00,132.41000366210938,132.42999267578125,132.3300018310547,132.42999267578125,,3898.0
2022-10-24 13:46:00-04:00,132.39999389648438,132.5,132.3300018310547,132.3300018310547,,4667.0
2022-10-24 13:47:00-04:00,132.35000610351562,132.3699951171875,132.25999450683594,132.3000030517578,,3609.0
2022-10-24 13:48:00-04:00,132.3350067138672,132.3800048828125,132.24000549316406,132.24000549316406,,5528.0
2022-10-24 13:49:00-04:00,132.30999755859375,132.38999938964844,132.30999755859375,132.38999938964844,,2095.0
2022-10-24 13:50:00-04:00,132.46749877929688,132.5,132.38999938964844,132.4398956298828,,5917.0
2022-10-24 13:51:00-04:00,132.39999389648438,132.4499969482422,132.35000610351562,132.4499969482422,,2656.0
2022-10-24 13:52:00-04:00,132.39999389648438,132.52999877929688,132.39999389648438,132.52999877929688,,5960.0
2022-10-24 13:53:00-04:00,132.5,132.72999572753906,132.5,132.66000366210938,,4626.0
2022-10-24 13:54:00-04:00,132.64500427246094,132.6999969482422,132.57000732421875,132.66000366210938,,4436.0
2022-10-24 13:55:00-04:00,132.63999938964844,132.67999267578125,132.61000061035156,132.61000061035156,,2479.0
2022-10-24 13:56:00-04:00,132.6300048828125,132.66000366210938,132.52999877929688,132.52999877929688,,2972.0
2022-10-24 13:57:00-04:00,132.5500030517578,132.5740966796875,132.4199981689453,132.47999572753906,,2558.0
2022-10-24 13:58:00-04:00,132.47999572753906,132.50999450683594,132.41000366210938,132.41000366210938,,2523.0
2022-10-24 13:59:00-04:00,132.41000366210938,132.51499938964844,132.39999389648438,132.46009826660156,,3565.0
2022-10-24 14:00:00-04:00,132.52000427246094,132.58999633789062,132.50999450683594,132.58999633789062,,1586.0
2022-10-24 14:01:00-04:00,132.59500122070312,132.67999267578125,132.59500122070312,132.64999389648438,,2435.0
2022-10-24 14:02:00-04:00,132.6999969482422,132.83999633789062,132.6999969482422,132.83999633789062,,5750.0
2022-10-24 14:03:00-04:00,132.86000061035156,132.8795928955078,132.7899932861328,132.8170928955078,,3912.0
2022-10-24 14:04:00-04:00,132.85499572753906,132.85499572753906,132.8000030517578,132.8000030517578,,1235.0
2022-10-24 14:05:00-04:00,132.86000061035156,132.8800048828125,132.77999877929688,132.8209991455078,,3956.0
2022-10-24 14:06:00-04:00,132.8699951171875,132.9499969482422,132.77999877929688,132.77999877929688,,3557.0
2022-10-24 14:07:00-04:00,132.8271942138672,132.85000610351562,132.78500366210938,132.85000610351562,,1655.0
2022-10-24 14:08:00-04:00,132.86000061035156,132.89999389648438,132.82000732421875,132.88009643554688,,4856.0
2022-10-24 14:09:00-04:00,132.85499572753906,132.8800048828125,132.66200256347656,132.75,,6729.0
2022-10-24 14:10:00-04:00,132.75999450683594,132.83999633789062,132.69749450683594,132.72000122070312,,2841.0
2022-10-24 14:11:00-04:00,132.76080322265625,132.77999877929688,132.6999969482422,132.6999969482422,,1378.0
2022-10-24 14:12:00-04:00,132.6750030517578,132.72999572753906,132.6300048828125,132.69549560546875,,1758.0
2022-10-24 14:13:00-04:00,132.69000244140625,132.77000427246094,132.67999267578125,132.77000427246094,,1905.0
2022-10-24 14:14:00-04:00,132.69000244140625,132.8300018310547,132.69000244140625,132.7899932861328,,3295.0
2022-10-24 14:15:00-04:00,132.7100067138672,132.75,132.6750030517578,132.67999267578125,,1477.0
2022-10-24 14:16:00-04:00,132.66000366210938,132.6699981689453,132.6551971435547,132.6699981689453,,931.0
2022-10-24 14:17:00-04:00,132.6199951171875,132.6999969482422,132.5399932861328,132.63999938964844,,5455.0
2022-10-24 14:18:00-04:00,132.63999938964844,132.64999389648438,132.6300048828125,132.6300048828125,,1583.0
2022-10-24 14:19:00-04:00,132.5800018310547,132.6199951171875,132.5800018310547,132.61000061035156,,1496.0
2022-10-24 14:20:00-04:00,132.63999938964844,132.64999389648438,132.63999938964844,132.64999389648438,,1839.0
2022-10-24 14:21:00-04:00,132.61000061035156,132.64999389648438,132.5449981689453,132.5449981689453,,3920.0
2022-10-24 14:22:00-04:00,132.58999633789062,132.6300048828125,132.52000427246094,132.6300048828125,,3169.0
2022-10-24 14:23:00-04:00,132.61489868164062,132.6699981689453,132.61489868164062,132.6699981689453,,1535.0
2022-10-24 14:24:00-04:00,132.69500732421875,132.8350067138672,132.69500732421875,132.8300018310547,,3819.0
2022-10-24 14:25:00-04:00,132.82000732421875,132.85000610351562,132.77000427246094,132.8000030517578,,2025.0
2022-10-24 14:26:00-04:00,132.86000061035156,132.86000061035156,132.7550048828125,132.83999633789062,,3834.0
2022-10-24 14:27:00-04:00,132.85000610351562,132.9499969482422,132.81500244140625,132.92140197753906,,3481.0
2022-10-24 14:28:00-04:00,132.93499755859375,132.93499755859375,132.86000061035156,132.8699951171875,,2307.0
2022-10-24 14:29:00-04:00,132.8300018310547,132.85000610351562,132.7899932861328,132.83999633789062,,1677.0
2022-10-24 14:30:00-04:00,132.83999633789062,132.98399353027344,132.8249969482422,132.98399353027344,,4380.0
2022-10-24 14:31:00-04:00,132.94009399414062,132.99000549316406,132.91000366210938,132.9600067138672,,2751.0
2022-10-24 14:32:00-04:00,132.9600067138672,132.9600067138672,132.83009338378906,132.89999389648438,,1343.0
2022-10-24 14:33:00-04:00,132.89999389648438,132.89999389648438,132.75010681152344,132.8300018310547,,2719.0
2022-10-24 14:34:00-04:00,132.77499389648438,132.8249969482422,132.77000427246094,132.7899932861328,,2076.0
2022-10-24 14:35:00-04:00,132.7899932861328,132.80999755859375,132.74000549316406,132.7899932861328,,4914.0
2022-10-24 14:36:00-04:00,132.83999633789062,132.83999633789062,132.6999969482422,132.72999572753906,,3776.0
2022-10-24 14:37:00-04:00,132.71499633789062,132.9199981689453,132.71499633789062,132.9199981689453,,5359.0
2022-10-24 14:38:00-04:00,132.9199981689453,132.9250030517578,132.75999450683594,132.75999450683594,,3675.0
2022-10-24 14:39:00-04:00,132.72000122070312,132.89500427246094,132.6999969482422,132.7904052734375,,4103.0
2022-10-24 14:40:00-04:00,132.77000427246094,132.77000427246094,132.59500122070312,132.59500122070312,,1976.0
2022-10-24 14:41:00-04:00,132.64500427246094,132.77000427246094,132.60000610351562,132.74000549316406,,5536.0
2022-10-24 14:42:00-04:00,132.76499938964844,132.8800048828125,132.76499938964844,132.86500549316406,,2954.0
2022-10-24 14:43:00-04:00,132.91000366210938,133.0,132.8800048828125,132.8800048828125,,6174.0
2022-10-24 14:44:00-04:00,132.7899932861328,132.85000610351562,132.75999450683594,132.85000610351562,,3765.0
2022-10-24 14:45:00-04:00,132.7899932861328,132.7899932861328,132.60000610351562,132.6300048828125,,2969.0
2022-10-24 14:46:00-04:00,132.67999267578125,132.72999572753906,132.5576934814453,132.6699981689453,,7859.0
2022-10-24 14:47:00-04:00,132.67999267578125,132.7100067138672,132.625,132.69500732421875,,1447.0
2022-10-24 14:48:00-04:00,132.6699981689453,132.6699981689453,132.55999755859375,132.61000061035156,,2289.0
2022-10-24 14:49:00-04:00,132.5449981689453,132.75999450683594,132.5399932861328,132.75,,5678.0
2022-10-24 14:50:00-04:00,132.7050018310547,132.7050018310547,132.58999633789062,132.6300048828125,,1904.0
2022-10-24 14:51:00-04:00,132.56500244140625,132.5800018310547,132.5522003173828,132.5522003173828,,901.0
2022-10-24 14:52:00-04:00,132.58450317382812,132.58450317382812,132.55999755859375,132.55999755859375,,1701.0
2022-10-24 14:53:00-04:00,132.6199951171875,132.69000244140625,132.60000610351562,132.64999389648438,,5054.0
2022-10-24 14:54:00-04:00,132.6750030517578,132.7899932861328,132.6750030517578,132.77000427246094,,5543.0
2022-10-24 14:55:00-04:00,132.7899932861328,132.85000610351562,132.76499938964844,132.80999755859375,,7985.0
2022-10-24 14:56:00-04:00,132.7899932861328,132.92999267578125,132.7899932861328,132.8800048828125,,5236.0
2022-10-24 14:57:00-04:00,132.8686981201172,133.08999633789062,132.86500549316406,133.08999633789062,,6970.0
2022-10-24 14:58:00-04:00,133.10000610351562,133.10000610351562,132.92999267578125,132.92999267578125,,7206.0
2022-10-24 14:59:00-04:00,132.89999389648438,133.0500030517578,132.89999389648438,133.0050048828125,,2974.0
2022-10-24 15:00:00-04:00,132.9949951171875,133.1300048828125,132.9949951171875,133.02000427246094,,3353.0
2022-10-24 15:01:00-04:00,133.06280517578125,133.1300048828125,133.01499938964844,133.02000427246094,,2670.0
2022-10-24 15:02:00-04:00,133.06210327148438,133.13999938964844,133.0,133.13999938964844,,4598.0
2022-10-24 15:03:00-04:00,133.14999389648438,133.1988983154297,133.11000061035156,133.125,,3289.0
2022-10-24 15:04:00-04:00,133.13999938964844,133.20989990234375,133.10000610351562,133.1649932861328,,8125.0
2022-10-24 15:05:00-04:00,133.1300048828125,133.1999969482422,133.08999633789062,133.09500122070312,,4722.0
2022-10-24 15:06:00-04:00,133.05520629882812,133.27999877929688,133.05520629882812,133.16000366210938,,7588.0
2022-10-24 15:07:00-04:00,133.2252960205078,133.35989379882812,133.2252960205078,133.22999572753906,,8002.0
2022-10-24 15:08:00-04:00,133.3000030517578,133.3000030517578,133.22000122070312,133.27000427246094,,5459.0
2022-10-24 15:09:00-04:00,133.2100067138672,133.25990295410156,133.16000366210938,133.1999969482422,,5310.0
2022-10-24 15:10:00-04:00,133.25,133.4499969482422,133.22999572753906,133.41000366210938,,5241.0
2022-10-24 15:11:00-04:00,133.3802032470703,133.44000244140625,133.3802032470703,133.44000244140625,,4694.0
2022-10-24 15:12:00-04:00,133.4199981689453,133.5500030517578,133.38189697265625,133.47000122070312,,12815.0
2022-10-24 15:13:00-04:00,133.48500061035156,133.5449981689453,133.47500610351562,133.5449981689453,,3487.0
2022-10-24 15:14:00-04:00,133.58999633789062,133.6300048828125,133.5,133.6300048828125,,6447.0
2022-10-24 15:15:00-04:00,133.6300048828125,133.6300048828125,133.5800018310547,133.60000610351562,,8124.0
2022-10-24 15:16:00-04:00,133.63999938964844,133.6728057861328,133.58999633789062,133.6728057861328,,9313.0
2022-10-24 15:17:00-04:00,133.6544952392578,133.6999969482422,133.5800018310547,133.5800018310547,,5854.0
2022-10-24 15:18:00-04:00,133.5800018310547,133.66250610351562,133.5800018310547,133.61000061035156,,4823.0
2022-10-24 15:19:00-04:00,133.6199951171875,133.75,133.58999633789062,133.75,,7848.0
2022-10-24 15:20:00-04:00,133.6999969482422,133.72000122070312,133.6199951171875,133.6199951171875,,7853.0
2022-10-24 15:21:00-04:00,133.6300048828125,133.6300048828125,133.5,133.5,,4282.0
2022-10-24 15:22:00-04:00,133.52000427246094,133.6300048828125,133.5,133.5800018310547,,7749.0
2022-10-24 15:23:00-04:00,133.5500030517578,133.57980346679688,133.3699951171875,133.38070678710938,,13355.0
2022-10-24 15:24:00-04:00,133.39999389648438,133.39999389648438,133.24000549316406,133.3300018310547,,9703.0
2022-10-24 15:25:00-04:00,133.32000732421875,133.44000244140625,133.27999877929688,133.44000244140625,,5870.0
2022-10-24 15:26:00-04:00,133.3975067138672,133.57000732421875,133.3699951171875,133.55499267578125,,7276.0
2022-10-24 15:27:00-04:00,133.61000061035156,133.7100067138672,133.5800018310547,133.68600463867188,,10157.0
2022-10-24 15:28:00-04:00,133.63999938964844,133.6699981689453,133.52000427246094,133.5800018310547,,8279.0
2022-10-24 15:29:00-04:00,133.58999633789062,133.58999633789062,133.41000366210938,133.44000244140625,,6967.0
2022-10-24 15:30:00-04:00,133.39999389648438,133.5449981689453,133.38999938964844,133.5449981689453,,7756.0
2022-10-24 15:31:00-04:00,133.5399932861328,133.5399932861328,133.4499969482422,133.50999450683594,,8217.0
2022-10-24 15:32:00-04:00,133.47999572753906,133.52999877929688,133.41000366210938,133.50999450683594,,9523.0
2022-10-24 15:33:00-04:00,133.52000427246094,133.5399932861328,133.39999389648438,133.39999389648438,,10509.0
2022-10-24 15:34:00-04:00,133.38999938964844,133.61000061035156,133.3800048828125,133.59500122070312,,13370.0
2022-10-24 15:35:00-04:00,133.5843963623047,133.61000061035156,133.5146942138672,133.5749969482422,,9390.0
2022-10-24 15:36:00-04:00,133.5749969482422,133.8000030517578,133.5500030517578,133.8000030517578,,21540.0
2022-10-24 15:37:00-04:00,133.80999755859375,133.9499969482422,133.75,133.92730712890625,,19221.0
2022-10-24 15:38:00-04:00,133.91000366210938,133.9600067138672,133.86000061035156,133.8800048828125,,16164.0
2022-10-24 15:39:00-04:00,133.86000061035156,133.94000244140625,133.86000061035156,133.94000244140625,,9524.0
2022-10-24 15:40:00-04:00,133.94000244140625,133.9499969482422,133.8000030517578,133.8426055908203,,16920.0
2022-10-24 15:41:00-04:00,133.8300018310547,133.86000061035156,133.75,133.75,,14059.0
2022-10-24 15:42:00-04:00,133.74000549316406,133.75999450683594,133.61500549316406,133.6699981689453,,9461.0
2022-10-24 15:43:00-04:00,133.63999938964844,133.63999938964844,133.42999267578125,133.5,,12825.0
2022-10-24 15:44:00-04:00,133.4949951171875,133.5800018310547,133.42999267578125,133.45799255371094,,16186.0
2022-10-24 15:45:00-04:00,133.4499969482422,133.4600067138672,133.22000122070312,133.25999450683594,,17439.0
2022-10-24 15:46:00-04:00,133.25999450683594,133.3699951171875,133.25999450683594,133.2908935546875,,14900.0
2022-10-24 15:47:00-04:00,133.3000030517578,133.41000366210938,133.19000244140625,133.27999877929688,,26656.0
2022-10-24 15:48:00-04:00,133.25,133.25,133.14999389648438,133.14999389648438,,11045.0
2022-10-24 15:49:00-04:00,133.16000366210938,133.16000366210938,132.9600067138672,133.0500030517578,,14965.0
2022-10-24 15:50:00-04:00,133.0500030517578,133.31500244140625,133.01499938964844,133.09500122070312,,22726.0
2022-10-24 15:51:00-04:00,133.08999633789062,133.1999969482422,133.0500030517578,133.18499755859375,,14143.0
2022-10-24 15:52:00-04:00,133.18499755859375,133.22000122070312,133.08999633789062,133.22000122070312,,19589.0
2022-10-24 15:53:00-04:00,133.22000122070312,133.27999877929688,133.1199951171875,133.1300048828125,,16140.0
2022-10-24 15:54:00-04:00,133.10000610351562,133.24000549316406,132.94000244140625,132.94009399414062,,25438.0
2022-10-24 15:55:00-04:00,132.94000244140625,133.00999450683594,132.88999938964844,132.91009521484375,,25130.0
2022-10-24 15:56:00-04:00,132.94000244140625,132.99000549316406,132.80130004882812,132.85000610351562,,31431.0
2022-10-24 15:57:00-04:00,132.85000610351562,132.8699951171875,132.77999877929688,132.83999633789062,,26778.0
2022-10-24 15:58:00-04:00,132.8300018310547,133.02999877929688,132.75,132.78500366210938,,61968.0
2022-10-24 15:59:00-04:00,132.75999450683594,133.10000610351562,132.75999450683594,133.10000610351562,,88259.0
2022-10-25 09:30:00-04:00,134.0,134.92999267578125,133.41000366210938,133.41000366210938,,76127.0
2022-10-25 09:31:00-04:00,133.3000030517578,134.69000244140625,133.3000030517578,134.3800048828125,,5834.0
2022-10-25 09:32:00-04:00,134.3300018310547,135.1999969482422,134.25,135.1999969482422,,26621.0
2022-10-25 09:33:00-04:00,135.10000610351562,135.39990234375,134.82000732421875,134.97999572753906,,20397.0
2022-10-25 09:34:00-04:00,134.83999633789062,134.83999633789062,134.05360412597656,134.3300018310547,,7768.0
2022-10-25 09:35:00-04:00,134.33999633789062,134.91990661621094,134.30999755859375,134.39999389648438,,12833.0
2022-10-25 09:36:00-04:00,134.9499969482422,134.9499969482422,134.5,134.69000244140625,,9555.0
2022-10-25 09:37:00-04:00,134.9499969482422,134.9499969482422,134.5399932861328,134.77000427246094,,22215.0
2022-10-25 09:38:00-04:00,134.35000610351562,134.46319580078125,134.11000061035156,134.39999389648438,,8777.0
2022-10-25 09:39:00-04:00,134.80999755859375,134.80999755859375,134.80999755859375,134.80999755859375,,7532.0
2022-10-25 09:40:00-04:00,134.86000061035156,135.3000030517578,134.6199951171875,135.3000030517578,,13684.0
2022-10-25 09:41:00-04:00,135.0,135.57000732421875,134.9600067138672,135.5666046142578,,18756.0
2022-10-25 09:42:00-04:00,135.5,135.5,135.1699981689453,135.38999938964844,,14584.0
2022-10-25 09:43:00-04:00,135.27000427246094,135.4499969482422,135.14999389648438,135.1999969482422,,10031.0
2022-10-25 09:44:00-04:00,135.0,135.2899932861328,135.0,135.2449951171875,,13005.0
2022-10-25 09:45:00-04:00,136.0,136.5399932861328,136.0,136.33999633789062,,21186.0
2022-10-25 09:46:00-04:00,136.6999969482422,137.10000610351562,136.6999969482422,136.77999877929688,,26773.0
2022-10-25 09:47:00-04:00,136.61000061035156,136.75999450683594,136.45469665527344,136.6999969482422,,6500.0
2022-10-25 09:48:00-04:00,136.71499633789062,136.71499633789062,136.5,136.67999267578125,,9985.0
2022-10-25 09:49:00-04:00,136.77000427246094,137.3300018310547,136.67999267578125,137.1999969482422,,21072.0
2022-10-25 09:50:00-04:00,137.17999267578125,137.2100067138672,136.92010498046875,136.92999267578125,,17490.0
2022-10-25 09:51:00-04:00,136.83999633789062,136.87120056152344,136.6199951171875,136.85000610351562,,10240.0
2022-10-25 09:52:00-04:00,136.92999267578125,137.25,136.922607421875,136.922607421875,,16298.0
2022-10-25 09:53:00-04:00,137.0,137.2100067138672,136.89999389648438,137.2100067138672,,8857.0
2022-10-25 09:54:00-04:00,137.22000122070312,137.64999389648438,137.21009826660156,137.64999389648438,,19171.0
2022-10-25 09:55:00-04:00,137.5,137.64999389648438,137.32000732421875,137.5050048828125,,16767.0
2022-10-25 09:56:00-04:00,137.33999633789062,137.33999633789062,137.25599670410156,137.33999633789062,,11958.0
2022-10-25 09:57:00-04:00,137.27000427246094,137.27999877929688,137.27000427246094,137.27999877929688,,9190.0
2022-10-25 09:58:00-04:00,137.02000427246094,137.22999572753906,137.00999450683594,137.1699981689453,,8186.0
2022-10-25 09:59:00-04:00,137.2100067138672,137.30999755859375,136.85000610351562,137.1999969482422,,9492.0
2022-10-25 10:00:00-04:00,137.22999572753906,137.22999572753906,136.30999755859375,136.58999633789062,,17400.0
2022-10-25 10:01:00-04:00,136.77000427246094,136.77000427246094,136.42999267578125,136.7100067138672,,7900.0
2022-10-25 10:02:00-04:00,136.64999389648438,137.36000061035156,136.6300048828125,137.22999572753906,,11458.0
2022-10-25 10:03:00-04:00,137.10000610351562,137.1199951171875,136.5,136.5,,6919.0
2022-10-25 10:04:00-04:00,136.49000549316406,136.8000030517578,136.4499969482422,136.70120239257812,,5344.0
2022-10-25 10:05:00-04:00,136.69500732421875,136.9600067138672,136.69500732421875,136.74000549316406,,6558.0
2022-10-25 10:06:00-04:00,136.69000244140625,136.75,136.41000366210938,136.63499450683594,,9261.0
2022-10-25 10:07:00-04:00,136.7100067138672,137.19000244140625,136.66000366210938,137.05999755859375,,13759.0
2022-10-25 10:08:00-04:00,137.05499267578125,137.52000427246094,137.05499267578125,137.52000427246094,,10087.0
2022-10-25 10:09:00-04:00,137.47000122070312,137.5800018310547,137.41000366210938,137.52000427246094,,7080.0
2022-10-25 10:10:00-04:00,137.57000732421875,137.6999969482422,137.25010681152344,137.66000366210938,,12167.0
2022-10-25 10:11:00-04:00,137.63999938964844,137.64999389648438,137.41000366210938,137.5800018310547,,11387.0
2022-10-25 10:12:00-04:00,137.5800018310547,137.75,137.47000122070312,137.6407928466797,,6345.0
2022-10-25 10:13:00-04:00,137.6999969482422,137.97999572753906,137.4001007080078,137.4774932861328,,12229.0
2022-10-25 10:14:00-04:00,137.5,138.03919982910156,137.5,137.90499877929688,,16330.0
2022-10-25 10:15:00-04:00,137.99000549316406,138.00999450683594,137.6800994873047,137.6800994873047,,10127.0
2022-10-25 10:16:00-04:00,137.8800048828125,137.8800048828125,137.74850463867188,137.85000610351562,,9518.0
2022-10-25 10:17:00-04:00,137.92999267578125,138.10000610351562,137.88999938964844,137.9199981689453,,9652.0
2022-10-25 10:18:00-04:00,137.8800048828125,138.05999755859375,137.69000244140625,137.77999877929688,,17238.0
2022-10-25 10:19:00-04:00,137.67999267578125,137.77999877929688,137.67999267578125,137.75,,4027.0
2022-10-25 10:20:00-04:00,138.0,138.35000610351562,138.0,138.25999450683594,,17982.0
2022-10-25 10:21:00-04:00,138.24000549316406,138.24000549316406,137.8000030517578,137.8699951171875,,10347.0
2022-10-25 10:22:00-04:00,137.8800048828125,137.91000366210938,137.4199981689453,137.4499969482422,,20890.0
2022-10-25 10:23:00-04:00,137.4199981689453,137.5,137.22999572753906,137.2895050048828,,10713.0
2022-10-25 10:24:00-04:00,137.22000122070312,137.2794952392578,137.0500030517578,137.2100067138672,,6567.0
2022-10-25 10:25:00-04:00,137.1999969482422,137.52999877929688,137.1999969482422,137.46499633789062,,6300.0
2022-10-25 10:26:00-04:00,137.30999755859375,137.30999755859375,137.0,137.17999267578125,,6461.0
2022-10-25 10:27:00-04:00,137.3594970703125,137.3699951171875,137.13999938964844,137.1699981689453,,4340.0
2022-10-25 10:28:00-04:00,137.20150756835938,137.3699951171875,137.20150756835938,137.3699951171875,,1136.0
2022-10-25 10:29:00-04:00,137.22999572753906,137.22999572753906,137.00999450683594,137.02999877929688,,7723.0
2022-10-25 10:30:00-04:00,137.02020263671875,137.02020263671875,136.6674041748047,136.82000732421875,,9775.0
2022-10-25 10:31:00-04:00,136.8800048828125,137.0850067138672,136.8000030517578,136.8000030517578,,6051.0
2022-10-25 10:32:00-04:00,136.64999389648438,136.71499633789062,136.4499969482422,136.52999877929688,,3603.0
2022-10-25 10:33:00-04:00,136.52999877929688,136.8762969970703,136.42999267578125,136.86509704589844,,6990.0
2022-10-25 10:34:00-04:00,136.81649780273438,136.91000366210938,136.72999572753906,136.72999572753906,,5222.0
2022-10-25 10:35:00-04:00,136.72999572753906,136.72999572753906,136.47999572753906,136.51499938964844,,4038.0
2022-10-25 10:36:00-04:00,136.48199462890625,136.69000244140625,136.39999389648438,136.41000366210938,,8683.0
2022-10-25 10:37:00-04:00,136.39999389648438,136.39999389648438,136.02000427246094,136.14500427246094,,6129.0
2022-10-25 10:38:00-04:00,136.25,136.43409729003906,136.2100067138672,136.3699951171875,,10464.0
2022-10-25 10:39:00-04:00,136.4600067138672,136.50999450683594,136.17999267578125,136.17999267578125,,5756.0
2022-10-25 10:40:00-04:00,136.3000030517578,136.4499969482422,136.10000610351562,136.4499969482422,,17042.0
2022-10-25 10:41:00-04:00,136.4842071533203,136.4842071533203,136.10000610351562,136.22000122070312,,7513.0
2022-10-25 10:42:00-04:00,136.1999969482422,136.24000549316406,136.0800018310547,136.24000549316406,,5459.0
2022-10-25 10:43:00-04:00,136.2404022216797,136.2404022216797,135.77000427246094,135.91000366210938,,17523.0
2022-10-25 10:44:00-04:00,135.92999267578125,136.060302734375,135.90499877929688,136.0,,5256.0
2022-10-25 10:45:00-04:00,135.9949951171875,136.3332977294922,135.9199981689453,136.2449951171875,,12622.0
2022-10-25 10:46:00-04:00,136.30999755859375,136.30999755859375,136.0749969482422,136.19000244140625,,3879.0
2022-10-25 10:47:00-04:00,136.1999969482422,136.22000122070312,136.0,136.1300048828125,,4112.0
2022-10-25 10:48:00-04:00,136.32000732421875,136.55990600585938,136.25999450683594,136.3300018310547,,7053.0
2022-10-25 10:49:00-04:00,136.49000549316406,136.64999389648438,136.49000549316406,136.64500427246094,,5139.0
2022-10-25 10:50:00-04:00,136.64500427246094,136.75999450683594,136.64500427246094,136.72000122070312,,3419.0
2022-10-25 10:51:00-04:00,136.72000122070312,136.83999633789062,136.50999450683594,136.83999633789062,,5789.0
2022-10-25 10:52:00-04:00,136.86500549316406,136.90040588378906,136.77000427246094,136.77000427246094,,3035.0
2022-10-25 10:53:00-04:00,136.81460571289062,136.84390258789062,136.6999969482422,136.7899932861328,,5315.0
2022-10-25 10:54:00-04:00,136.63999938964844,136.77999877929688,136.58009338378906,136.7100067138672,,2961.0
2022-10-25 10:55:00-04:00,136.69000244140625,136.99000549316406,136.69000244140625,136.83999633789062,,5317.0
2022-10-25 10:56:00-04:00,136.92999267578125,136.99000549316406,136.82000732421875,136.99000549316406,,2501.0
2022-10-25 10:57:00-04:00,136.5500030517578,136.6199951171875,136.5,136.52999877929688,,24697.0
2022-10-25 10:58:00-04:00,136.49000549316406,136.58999633789062,136.4665069580078,136.58999633789062,,11717.0
2022-10-25 10:59:00-04:00,136.59500122070312,136.618896484375,136.52999877929688,136.618896484375,,9817.0
2022-10-25 11:00:00-04:00,136.54400634765625,136.5800018310547,136.39999389648438,136.5800018310547,,2898.0
2022-10-25 11:01:00-04:00,136.4199981689453,136.77000427246094,136.4199981689453,136.65499877929688,,16229.0
2022-10-25 11:02:00-04:00,136.59500122070312,136.59500122070312,136.47000122070312,136.5550994873047,,12395.0
2022-10-25 11:03:00-04:00,136.47000122070312,136.61000061035156,136.47000122070312,136.61000061035156,,721.0
2022-10-25 11:04:00-04:00,136.79330444335938,136.79330444335938,136.6199951171875,136.6199951171875,,6990.0
2022-10-25 11:06:00-04:00,136.67999267578125,136.86000061035156,136.67999267578125,136.86000061035156,,9930.0
2022-10-25 11:07:00-04:00,136.91000366210938,136.9149932861328,136.85020446777344,136.85020446777344,,1736.0
2022-10-25 11:08:00-04:00,136.8699951171875,137.08990478515625,136.8699951171875,136.97000122070312,,6479.0
2022-10-25 11:09:00-04:00,137.0,137.22959899902344,136.9199981689453,137.22959899902344,,7049.0
2022-10-25 11:11:00-04:00,136.84500122070312,136.92999267578125,136.84500122070312,136.89500427246094,,19029.0
2022-10-25 11:12:00-04:00,136.94000244140625,136.94000244140625,136.8699951171875,136.94000244140625,,1666.0
2022-10-25 11:13:00-04:00,136.80369567871094,136.80369567871094,136.6699981689453,136.6699981689453,,4515.0
2022-10-25 11:14:00-04:00,136.72500610351562,137.02000427246094,136.67999267578125,136.7550048828125,,13953.0
2022-10-25 11:15:00-04:00,136.7803955078125,137.0,136.64999389648438,136.92999267578125,,5361.0
2022-10-25 11:16:00-04:00,136.75999450683594,136.77000427246094,136.63999938964844,136.75999450683594,,2297.0
2022-10-25 11:17:00-04:00,136.8300018310547,136.83999633789062,136.6699981689453,136.75999450683594,,3471.0
2022-10-25 11:18:00-04:00,136.80499267578125,136.8800048828125,136.77000427246094,136.77999877929688,,2448.0
2022-10-25 11:19:00-04:00,136.80999755859375,136.8800048828125,136.75,136.75,,4728.0
2022-10-25 11:20:00-04:00,136.75,136.93499755859375,136.72999572753906,136.8699951171875,,5327.0
2022-10-25 11:21:00-04:00,136.8699951171875,136.8699951171875,136.72669982910156,136.75,,2358.0
2022-10-25 11:22:00-04:00,136.9600067138672,136.97000122070312,136.83999633789062,136.88999938964844,,1876.0
2022-10-25 11:23:00-04:00,136.85000610351562,136.8800048828125,136.85000610351562,136.8800048828125,,4378.0
2022-10-25 11:24:00-04:00,136.9199981689453,137.07000732421875,136.88999938964844,137.02499389648438,,3384.0
2022-10-25 11:25:00-04:00,137.02999877929688,137.02999877929688,136.8699951171875,136.8699951171875,,2869.0
2022-10-25 11:26:00-04:00,136.74000549316406,136.8300018310547,136.7100067138672,136.72999572753906,,4146.0
2022-10-25 11:27:00-04:00,136.67999267578125,136.80999755859375,136.67999267578125,136.77000427246094,,6383.0
2022-10-25 11:28:00-04:00,136.82000732421875,136.86000061035156,136.6699981689453,136.6699981689453,,6774.0
2022-10-25 11:29:00-04:00,136.69000244140625,136.7899932861328,136.6699981689453,136.75999450683594,,3906.0
2022-10-25 11:30:00-04:00,136.7899932861328,136.8000030517578,136.5399932861328,136.55499267578125,,5230.0
2022-10-25 11:31:00-04:00,136.52999877929688,136.64349365234375,136.52999877929688,136.60000610351562,,7058.0
2022-10-25 11:32:00-04:00,136.6199951171875,136.6999969482422,136.61000061035156,136.67999267578125,,3665.0
2022-10-25 11:33:00-04:00,136.6649932861328,136.8699951171875,136.6649932861328,136.75,,10736.0
2022-10-25 11:34:00-04:00,136.75999450683594,136.75999450683594,136.5399932861328,136.5800018310547,,6952.0
2022-10-25 11:35:00-04:00,136.61500549316406,136.66990661621094,136.50999450683594,136.57000732421875,,9252.0
2022-10-25 11:36:00-04:00,136.5574951171875,136.63999938964844,136.52999877929688,136.58999633789062,,3124.0
2022-10-25 11:37:00-04:00,136.6649932861328,136.7899932861328,136.63999938964844,136.75140380859375,,5586.0
2022-10-25 11:38:00-04:00,136.7949981689453,136.89999389648438,136.7550048828125,136.89999389648438,,1524.0
2022-10-25 11:39:00-04:00,136.9199981689453,137.04200744628906,136.86000061035156,136.9759979248047,,10459.0
2022-10-25 11:40:00-04:00,136.97000122070312,137.00999450683594,136.7899932861328,136.82000732421875,,5541.0
2022-10-25 11:41:00-04:00,136.91000366210938,136.9499969482422,136.8300018310547,136.83999633789062,,3072.0
2022-10-25 11:42:00-04:00,136.89999389648438,136.9600067138672,136.8300018310547,136.8300018310547,,3565.0
2022-10-25 11:43:00-04:00,136.83999633789062,136.83999633789062,136.75,136.80499267578125,,3389.0
2022-10-25 11:44:00-04:00,136.8000030517578,136.8000030517578,136.67250061035156,136.67250061035156,,3026.0
2022-10-25 11:45:00-04:00,136.67999267578125,136.75,136.58999633789062,136.75,,4849.0
2022-10-25 11:46:00-04:00,136.69000244140625,136.80999755859375,136.69000244140625,136.7093963623047,,8281.0
2022-10-25 11:47:00-04:00,136.85000610351562,136.94000244140625,136.74000549316406,136.74000549316406,,9907.0
2022-10-25 11:48:00-04:00,136.69000244140625,136.74000549316406,136.6300048828125,136.6300048828125,,2813.0
2022-10-25 11:49:00-04:00,136.6199951171875,136.80999755859375,136.6199951171875,136.77000427246094,,5442.0
2022-10-25 11:50:00-04:00,136.77000427246094,136.78500366210938,136.67999267578125,136.7449951171875,,3671.0
2022-10-25 11:51:00-04:00,136.72999572753906,136.72999572753906,136.63999938964844,136.69400024414062,,3242.0
2022-10-25 11:52:00-04:00,136.6575927734375,136.66000366210938,136.5800018310547,136.61000061035156,,4331.0
2022-10-25 11:53:00-04:00,136.60000610351562,136.6300048828125,136.55999755859375,136.61000061035156,,1404.0
2022-10-25 11:54:00-04:00,136.66000366210938,136.6699981689453,136.57000732421875,136.60000610351562,,3739.0
2022-10-25 11:55:00-04:00,136.52000427246094,136.5399932861328,136.25,136.30499267578125,,6144.0
2022-10-25 11:56:00-04:00,136.36000061035156,136.39999389648438,136.3000030517578,136.3000030517578,,4395.0
2022-10-25 11:57:00-04:00,136.35000610351562,136.38999938964844,136.1300048828125,136.15499877929688,,6521.0
2022-10-25 11:58:00-04:00,136.16000366210938,136.25999450683594,136.02999877929688,136.0800018310547,,11493.0
2022-10-25 11:59:00-04:00,136.11500549316406,136.11500549316406,136.00999450683594,136.05999755859375,,1869.0
2022-10-25 12:00:00-04:00,136.02999877929688,136.02999877929688,135.7550048828125,135.7550048828125,,6014.0
2022-10-25 12:01:00-04:00,135.78500366210938,135.9199981689453,135.77000427246094,135.9199981689453,,2922.0
2022-10-25 12:02:00-04:00,135.8721923828125,136.02999877929688,135.85000610351562,135.9499969482422,,3988.0
2022-10-25 12:03:00-04:00,135.89999389648438,136.0,135.88999938964844,135.93899536132812,,8736.0
2022-10-25 12:04:00-04:00,135.94500732421875,135.94500732421875,135.8000030517578,135.85000610351562,,5509.0
2022-10-25 12:05:00-04:00,135.9600067138672,135.99000549316406,135.9600067138672,135.99000549316406,,3107.0
2022-10-25 12:06:00-04:00,135.93499755859375,136.0,135.8699951171875,135.97000122070312,,3370.0
2022-10-25 12:07:00-04:00,136.0198974609375,136.1009979248047,135.98500061035156,136.1009979248047,,1714.0
2022-10-25 12:08:00-04:00,136.0850067138672,136.30499267578125,136.0850067138672,136.22500610351562,,6329.0
2022-10-25 12:09:00-04:00,136.22999572753906,136.22999572753906,136.13999938964844,136.16000366210938,,2389.0
2022-10-25 12:10:00-04:00,136.15499877929688,136.15499877929688,136.08999633789062,136.13999938964844,,3583.0
2022-10-25 12:11:00-04:00,136.16000366210938,136.16000366210938,136.08999633789062,136.11000061035156,,4754.0
2022-10-25 12:12:00-04:00,136.11000061035156,136.18499755859375,136.11000061035156,136.15499877929688,,1738.0
2022-10-25 12:13:00-04:00,136.2100067138672,136.22999572753906,136.14999389648438,136.16000366210938,,3842.0
2022-10-25 12:14:00-04:00,136.16000366210938,136.22000122070312,136.1199951171875,136.22000122070312,,1709.0
2022-10-25 12:15:00-04:00,136.22000122070312,136.30990600585938,136.07000732421875,136.07000732421875,,8055.0
2022-10-25 12:16:00-04:00,136.05499267578125,136.11000061035156,136.02000427246094,136.09500122070312,,1528.0
2022-10-25 12:17:00-04:00,136.1699981689453,136.2100067138672,136.11349487304688,136.16000366210938,,2512.0
2022-10-25 12:18:00-04:00,136.1300048828125,136.24000549316406,136.1199951171875,136.2281951904297,,3612.0
2022-10-25 12:19:00-04:00,136.22000122070312,136.39999389648438,136.22000122070312,136.39999389648438,,2841.0
2022-10-25 12:20:00-04:00,136.32000732421875,136.39999389648438,136.30999755859375,136.38499450683594,,2140.0
2022-10-25 12:21:00-04:00,136.38499450683594,136.38499450683594,136.17999267578125,136.1999969482422,,3997.0
2022-10-25 12:22:00-04:00,136.13999938964844,136.13999938964844,136.00999450683594,136.1199951171875,,4588.0
2022-10-25 12:23:00-04:00,136.13499450683594,136.19000244140625,136.07000732421875,136.11000061035156,,3663.0
2022-10-25 12:24:00-04:00,136.0800018310547,136.1699981689453,136.0800018310547,136.1699981689453,,1423.0
2022-10-25 12:25:00-04:00,136.1750030517578,136.1750030517578,136.05999755859375,136.14999389648438,,2044.0
2022-10-25 12:26:00-04:00,136.0850067138672,136.1300048828125,136.0800018310547,136.1199951171875,,6728.0
2022-10-25 12:27:00-04:00,136.1300048828125,136.1699981689453,136.02999877929688,136.02999877929688,,3542.0
2022-10-25 12:28:00-04:00,136.05999755859375,136.0800018310547,135.9199981689453,136.0800018310547,,3321.0
2022-10-25 12:29:00-04:00,136.1300048828125,136.19000244140625,136.07000732421875,136.07000732421875,,2881.0
2022-10-25 12:30:00-04:00,136.1199951171875,136.13999938964844,136.0399932861328,136.0399932861328,,5144.0
2022-10-25 12:31:00-04:00,136.0399932861328,136.1300048828125,136.0399932861328,136.05999755859375,,2891.0
2022-10-25 12:32:00-04:00,136.10499572753906,136.10499572753906,135.9600067138672,135.9600067138672,,1724.0
2022-10-25 12:33:00-04:00,135.97999572753906,136.01600646972656,135.91000366210938,135.91000366210938,,2266.0
2022-10-25 12:34:00-04:00,136.00999450683594,136.05999755859375,135.97000122070312,136.05999755859375,,1578.0
2022-10-25 12:35:00-04:00,136.02999877929688,136.16000366210938,136.02999877929688,136.10000610351562,,3830.0
2022-10-25 12:36:00-04:00,136.0399932861328,136.11000061035156,136.0399932861328,136.0500030517578,,3254.0
2022-10-25 12:37:00-04:00,136.1009979248047,136.19000244140625,136.02999877929688,136.07000732421875,,1747.0
2022-10-25 12:38:00-04:00,136.09910583496094,136.10000610351562,135.97039794921875,136.0500030517578,,2137.0
2022-10-25 12:39:00-04:00,136.0084991455078,136.10000610351562,136.0084991455078,136.10000610351562,,1458.0
2022-10-25 12:40:00-04:00,136.1300048828125,136.14999389648438,136.05999755859375,136.05999755859375,,3290.0
2022-10-25 12:41:00-04:00,136.07000732421875,136.07000732421875,136.00999450683594,136.0500030517578,,1998.0
2022-10-25 12:42:00-04:00,136.02999877929688,136.02999877929688,135.85000610351562,135.9949951171875,,5229.0
2022-10-25 12:43:00-04:00,136.02000427246094,136.125,136.02000427246094,136.11000061035156,,2501.0
2022-10-25 12:44:00-04:00,136.13999938964844,136.14999389648438,136.07000732421875,136.1300048828125,,2500.0
2022-10-25 12:45:00-04:00,136.12249755859375,136.22000122070312,136.12249755859375,136.16000366210938,,3774.0
2022-10-25 12:46:00-04:00,136.16000366210938,136.16000366210938,136.07000732421875,136.08999633789062,,2735.0
2022-10-25 12:47:00-04:00,135.97999572753906,136.14999389648438,135.9499969482422,136.14999389648438,,2763.0
2022-10-25 12:48:00-04:00,136.2100067138672,136.22000122070312,135.97000122070312,136.02000427246094,,6090.0
2022-10-25 12:49:00-04:00,136.02000427246094,136.02000427246094,135.9499969482422,135.9600067138672,,3802.0
2022-10-25 12:50:00-04:00,136.14500427246094,136.19000244140625,136.0399932861328,136.19000244140625,,2948.0
2022-10-25 12:51:00-04:00,136.24000549316406,136.24000549316406,136.24000549316406,136.24000549316406,,3101.0
2022-10-25 12:52:00-04:00,136.24000549316406,136.24000549316406,136.22999572753906,136.22999572753906,,456.0
2022-10-25 12:53:00-04:00,136.4600067138672,136.4600067138672,136.33999633789062,136.39129638671875,,5360.0
2022-10-25 12:54:00-04:00,136.25999450683594,136.41000366210938,136.25999450683594,136.38499450683594,,4461.0
2022-10-25 12:55:00-04:00,136.35000610351562,136.42999267578125,136.35000610351562,136.40499877929688,,2336.0
2022-10-25 12:56:00-04:00,136.35000610351562,136.35000610351562,136.35000610351562,136.35000610351562,,2542.0
2022-10-25 12:57:00-04:00,136.20680236816406,136.24000549316406,136.20680236816406,136.2093963623047,,1355.0
2022-10-25 12:58:00-04:00,136.15499877929688,136.25,136.15499877929688,136.22000122070312,,1259.0
2022-10-25 12:59:00-04:00,136.22039794921875,136.41000366210938,136.22039794921875,136.41000366210938,,3505.0
2022-10-25 13:00:00-04:00,136.43690490722656,136.6199951171875,136.42999267578125,136.6199951171875,,8744.0
2022-10-25 13:01:00-04:00,136.6199951171875,136.69000244140625,136.60000610351562,136.63999938964844,,3509.0
2022-10-25 13:02:00-04:00,136.6649932861328,136.69000244140625,136.6199951171875,136.65499877929688,,4172.0
2022-10-25 13:03:00-04:00,136.61000061035156,136.65499877929688,136.33999633789062,136.36000061035156,,4059.0
2022-10-25 13:04:00-04:00,136.17999267578125,136.2100067138672,136.14999389648438,136.17999267578125,,2845.0
2022-10-25 13:05:00-04:00,136.1699981689453,136.22000122070312,136.11000061035156,136.2100067138672,,4780.0
2022-10-25 13:06:00-04:00,136.27999877929688,136.3000030517578,136.2012939453125,136.22999572753906,,2484.0
2022-10-25 13:07:00-04:00,136.2559051513672,136.42999267578125,136.2559051513672,136.3800048828125,,2353.0
2022-10-25 13:08:00-04:00,136.3800048828125,136.57000732421875,136.3800048828125,136.57000732421875,,1273.0
2022-10-25 13:09:00-04:00,136.60000610351562,136.66000366210938,136.49000549316406,136.52000427246094,,165550.0
2022-10-25 13:10:00-04:00,136.44000244140625,136.52000427246094,136.4199981689453,136.4199981689453,,819.0
2022-10-25 13:11:00-04:00,136.4550018310547,136.49000549316406,136.39999389648438,136.47500610351562,,3848.0
2022-10-25 13:12:00-04:00,136.52000427246094,136.52999877929688,136.35000610351562,136.4199981689453,,6170.0
2022-10-25 13:13:00-04:00,136.49000549316406,136.57000732421875,136.45159912109375,136.51499938964844,,2532.0
2022-10-25 13:14:00-04:00,136.5,136.5,136.44000244140625,136.4499969482422,,3442.0
2022-10-25 13:15:00-04:00,136.44000244140625,136.44000244140625,136.27999877929688,136.28500366210938,,3035.0
2022-10-25 13:16:00-04:00,136.22000122070312,136.26499938964844,136.125,136.125,,1742.0
2022-10-25 13:17:00-04:00,136.1403045654297,136.38999938964844,136.1403045654297,136.33999633789062,,1456.0
2022-10-25 13:18:00-04:00,136.44000244140625,136.4499969482422,136.3300018310547,136.3300018310547,,2011.0
2022-10-25 13:19:00-04:00,136.33999633789062,136.3800048828125,136.2532958984375,136.2532958984375,,4044.0
2022-10-25 13:20:00-04:00,136.2949981689453,136.2949981689453,136.16000366210938,136.16000366210938,,2365.0
2022-10-25 13:21:00-04:00,136.2100067138672,136.2100067138672,136.1199951171875,136.1750030517578,,3240.0
2022-10-25 13:22:00-04:00,136.1750030517578,136.1750030517578,136.02999877929688,136.06500244140625,,3813.0
2022-10-25 13:23:00-04:00,136.0,136.1199951171875,136.0,136.1199951171875,,1732.0
2022-10-25 13:24:00-04:00,136.1199951171875,136.22000122070312,136.1199951171875,136.22000122070312,,1607.0
2022-10-25 13:25:00-04:00,136.1925048828125,136.36000061035156,136.19000244140625,136.36000061035156,,2616.0
2022-10-25 13:26:00-04:00,136.30470275878906,136.39999389648438,136.27000427246094,136.3647003173828,,4144.0
2022-10-25 13:27:00-04:00,136.3800048828125,136.60000610351562,136.36000061035156,136.44000244140625,,3276.0
2022-10-25 13:28:00-04:00,136.44000244140625,136.50999450683594,136.38999938964844,136.47000122070312,,3280.0
2022-10-25 13:29:00-04:00,136.47500610351562,136.50999450683594,136.4600067138672,136.4600067138672,,1620.0
2022-10-25 13:30:00-04:00,136.52999877929688,136.82000732421875,136.52999877929688,136.8175048828125,,3145.0
2022-10-25 13:31:00-04:00,136.81500244140625,137.1699981689453,136.81500244140625,137.1699981689453,,8093.0
2022-10-25 13:32:00-04:00,137.05999755859375,137.11500549316406,136.89010620117188,136.94500732421875,,5531.0
2022-10-25 13:33:00-04:00,136.9149932861328,136.97459411621094,136.91000366210938,136.97459411621094,,3976.0
2022-10-25 13:34:00-04:00,136.9550018310547,137.00999450683594,136.88999938964844,137.00599670410156,,5753.0
2022-10-25 13:35:00-04:00,137.00999450683594,137.0115966796875,136.83999633789062,136.8699951171875,,8339.0
2022-10-25 13:36:00-04:00,136.8000030517578,136.80999755859375,136.64999389648438,136.6699981689453,,4278.0
2022-10-25 13:37:00-04:00,136.6999969482422,136.7050018310547,136.60000610351562,136.7050018310547,,3386.0
2022-10-25 13:38:00-04:00,136.88499450683594,136.88999938964844,136.85000610351562,136.88999938964844,,3708.0
2022-10-25 13:39:00-04:00,136.84500122070312,136.89999389648438,136.6300048828125,136.6300048828125,,13008.0
2022-10-25 13:40:00-04:00,136.6300048828125,136.80999755859375,136.6199951171875,136.80999755859375,,8132.0
2022-10-25 13:41:00-04:00,136.72999572753906,136.89500427246094,136.72999572753906,136.86000061035156,,6434.0
2022-10-25 13:42:00-04:00,136.8249969482422,136.9199981689453,136.75999450683594,136.91000366210938,,5900.0
2022-10-25 13:43:00-04:00,136.85000610351562,137.0500030517578,136.72000122070312,137.0500030517578,,5776.0
2022-10-25 13:44:00-04:00,136.9409942626953,137.0399932861328,136.88999938964844,136.9199981689453,,3837.0
2022-10-25 13:45:00-04:00,136.9091033935547,136.97000122070312,136.86000061035156,136.9340057373047,,5885.0
2022-10-25 13:46:00-04:00,136.88999938964844,136.97999572753906,136.8699951171875,136.89500427246094,,13072.0
2022-10-25 13:47:00-04:00,136.90499877929688,136.90499877929688,136.85000610351562,136.86000061035156,,1933.0
2022-10-25 13:48:00-04:00,136.86500549316406,136.9199981689453,136.822998046875,136.90499877929688,,5260.0
2022-10-25 13:49:00-04:00,136.95989990234375,137.16000366210938,136.9550018310547,137.16000366210938,,7223.0
2022-10-25 13:50:00-04:00,137.1199951171875,137.19000244140625,137.05409240722656,137.16799926757812,,5493.0
2022-10-25 13:51:00-04:00,137.13999938964844,137.13999938964844,136.85000610351562,136.88999938964844,,6287.0
2022-10-25 13:52:00-04:00,136.77000427246094,136.8000030517578,136.6999969482422,136.75,,7229.0
2022-10-25 13:53:00-04:00,136.8000030517578,136.91000366210938,136.8000030517578,136.91000366210938,,1364.0
2022-10-25 13:54:00-04:00,136.9600067138672,137.07000732421875,136.9600067138672,137.07000732421875,,9852.0
2022-10-25 13:55:00-04:00,137.05999755859375,137.05999755859375,136.8000030517578,136.8300018310547,,7557.0
2022-10-25 13:56:00-04:00,136.8800048828125,136.94000244140625,136.85000610351562,136.8936004638672,,2393.0
2022-10-25 13:57:00-04:00,136.92999267578125,136.9600067138672,136.88999938964844,136.91000366210938,,2579.0
2022-10-25 13:58:00-04:00,136.91000366210938,137.02999877929688,136.88999938964844,136.91000366210938,,3205.0
2022-10-25 13:59:00-04:00,136.9149932861328,137.02999877929688,136.9149932861328,137.02999877929688,,1491.0
2022-10-25 14:00:00-04:00,137.0500030517578,137.3000030517578,137.0500030517578,137.27000427246094,,3431.0
2022-10-25 14:01:00-04:00,137.26499938964844,137.3699951171875,137.26499938964844,137.3365020751953,,4103.0
2022-10-25 14:02:00-04:00,137.3300018310547,137.36700439453125,137.1699981689453,137.1999969482422,,8081.0
2022-10-25 14:03:00-04:00,137.22999572753906,137.30999755859375,137.22999572753906,137.2899932861328,,3999.0
2022-10-25 14:04:00-04:00,137.2949981689453,137.2949981689453,137.2949981689453,137.2949981689453,,612.0
2022-10-25 14:05:00-04:00,137.3000030517578,137.3000030517578,137.22999572753906,137.27239990234375,,1766.0
2022-10-25 14:06:00-04:00,137.22999572753906,137.3249969482422,137.22999572753906,137.29249572753906,,2318.0
2022-10-25 14:07:00-04:00,137.27999877929688,137.34500122070312,137.27000427246094,137.34500122070312,,2493.0
2022-10-25 14:08:00-04:00,137.30999755859375,137.3300018310547,137.28660583496094,137.28660583496094,,1655.0
2022-10-25 14:09:00-04:00,137.32000732421875,137.36000061035156,137.25030517578125,137.2801055908203,,3265.0
2022-10-25 14:10:00-04:00,137.35000610351562,137.41859436035156,137.35000610351562,137.3800048828125,,2372.0
2022-10-25 14:11:00-04:00,137.35000610351562,137.35000610351562,137.2949981689453,137.33949279785156,,1735.0
2022-10-25 14:12:00-04:00,137.27999877929688,137.27999877929688,134.8699951171875,135.44000244140625,,159596.0
2022-10-25 14:13:00-04:00,135.360107421875,135.72999572753906,133.8000030517578,134.15899658203125,,96166.0
2022-10-25 14:14:00-04:00,134.64999389648438,135.38999938964844,134.5,134.5821990966797,,83591.0
2022-10-25 14:15:00-04:00,134.64999389648438,134.75509643554688,133.00059509277344,133.42999267578125,,103216.0
2022-10-25 14:16:00-04:00,134.6405029296875,134.6405029296875,133.7899932861328,134.30499267578125,,106695.0
2022-10-25 14:17:00-04:00,134.38499450683594,134.88999938964844,134.3000030517578,134.6699981689453,,13384.0
2022-10-25 14:18:00-04:00,134.74000549316406,135.0,133.0500030517578,133.50999450683594,,135382.0
2022-10-25 14:19:00-04:00,134.10000610351562,134.1999969482422,133.92999267578125,134.0500030517578,,55235.0
2022-10-25 14:20:00-04:00,134.13999938964844,134.74000549316406,134.0399932861328,134.6999969482422,,34832.0
2022-10-25 14:21:00-04:00,134.72000122070312,134.74000549316406,134.36000061035156,134.59500122070312,,25030.0
2022-10-25 14:22:00-04:00,134.59500122070312,134.9499969482422,134.59500122070312,134.69009399414062,,11572.0
2022-10-25 14:23:00-04:00,134.6300048828125,135.38999938964844,134.6300048828125,135.07229614257812,,46694.0
2022-10-25 14:24:00-04:00,135.12530517578125,135.36000061035156,135.07249450683594,135.25999450683594,,16312.0
2022-10-25 14:25:00-04:00,135.16009521484375,135.60000610351562,135.16000366210938,135.5749969482422,,22426.0
2022-10-25 14:26:00-04:00,135.57000732421875,135.6999053955078,135.3300018310547,135.38999938964844,,28456.0
2022-10-25 14:27:00-04:00,135.35000610351562,135.55499267578125,135.33999633789062,135.5,,7639.0
2022-10-25 14:28:00-04:00,135.5399932861328,135.80990600585938,135.4600067138672,135.6750030517578,,10424.0
2022-10-25 14:29:00-04:00,135.74000549316406,135.8350067138672,135.57000732421875,135.75999450683594,,7289.0
2022-10-25 14:30:00-04:00,135.75999450683594,135.81500244140625,135.5,135.56900024414062,,9754.0
2022-10-25 14:31:00-04:00,135.5850067138672,135.7449951171875,135.54010009765625,135.6300048828125,,19486.0
2022-10-25 14:32:00-04:00,135.58999633789062,135.69000244140625,135.49000549316406,135.50999450683594,,7766.0
2022-10-25 14:33:00-04:00,135.56939697265625,136.27000427246094,135.56939697265625,136.27000427246094,,24732.0
2022-10-25 14:34:00-04:00,136.2100067138672,136.31500244140625,135.97999572753906,136.22000122070312,,13651.0
2022-10-25 14:35:00-04:00,136.09010314941406,136.22999572753906,136.09010314941406,136.1699981689453,,4871.0
2022-10-25 14:36:00-04:00,136.1699981689453,136.27000427246094,136.00999450683594,136.1300048828125,,9308.0
2022-10-25 14:37:00-04:00,136.10000610351562,136.22999572753906,136.10000610351562,136.2299041748047,,6453.0
2022-10-25 14:38:00-04:00,136.2299041748047,136.25999450683594,136.14999389648438,136.19000244140625,,4571.0
2022-10-25 14:39:00-04:00,136.22000122070312,136.52000427246094,136.14999389648438,136.38999938964844,,13750.0
2022-10-25 14:40:00-04:00,136.38999938964844,136.66000366210938,136.38999938964844,136.52000427246094,,11246.0
2022-10-25 14:41:00-04:00,136.58999633789062,136.6699981689453,136.32000732421875,136.3800048828125,,12936.0
2022-10-25 14:42:00-04:00,136.3800048828125,136.38999938964844,136.17880249023438,136.25,,4152.0
2022-10-25 14:43:00-04:00,136.1300048828125,136.21499633789062,136.10000610351562,136.21499633789062,,11134.0
2022-10-25 14:44:00-04:00,136.27000427246094,136.3699951171875,136.2100067138672,136.3699951171875,,6075.0
2022-10-25 14:45:00-04:00,136.21499633789062,136.25,136.00999450683594,136.00999450683594,,15939.0
2022-10-25 14:46:00-04:00,136.00999450683594,136.01499938964844,135.85000610351562,135.95339965820312,,19289.0
2022-10-25 14:47:00-04:00,135.94000244140625,135.94000244140625,135.83999633789062,135.83999633789062,,1862.0
2022-10-25 14:48:00-04:00,136.07000732421875,136.08999633789062,136.0,136.0449981689453,,3481.0
2022-10-25 14:49:00-04:00,136.11000061035156,136.1300048828125,135.67999267578125,135.85000610351562,,16263.0
2022-10-25 14:50:00-04:00,135.85499572753906,136.07359313964844,135.83999633789062,136.01499938964844,,3371.0
2022-10-25 14:51:00-04:00,136.02499389648438,136.1699981689453,136.02499389648438,136.11000061035156,,6862.0
2022-10-25 14:52:00-04:00,136.1699981689453,136.3105926513672,136.10000610351562,136.2100067138672,,6786.0
2022-10-25 14:53:00-04:00,136.26499938964844,136.35000610351562,136.22000122070312,136.2949981689453,,7496.0
2022-10-25 14:54:00-04:00,136.2899932861328,136.58999633789062,136.2899932861328,136.54249572753906,,16156.0
2022-10-25 14:55:00-04:00,136.60000610351562,136.60000610351562,136.39999389648438,136.4499969482422,,12704.0
2022-10-25 14:56:00-04:00,136.3000030517578,136.36000061035156,136.2834014892578,136.34500122070312,,6934.0
2022-10-25 14:57:00-04:00,136.3300018310547,136.38999938964844,136.3300018310547,136.35499572753906,,6111.0
2022-10-25 14:58:00-04:00,136.36000061035156,136.4600067138672,136.36000061035156,136.44000244140625,,7841.0
2022-10-25 14:59:00-04:00,136.39999389648438,136.4499969482422,136.27999877929688,136.28500366210938,,4014.0
2022-10-25 15:00:00-04:00,136.25,136.27499389648438,136.24000549316406,136.24000549316406,,936.0
2022-10-25 15:01:00-04:00,136.1199951171875,136.22999572753906,136.1199951171875,136.22999572753906,,8344.0
2022-10-25 15:03:00-04:00,136.1300048828125,136.17999267578125,136.02999877929688,136.14999389648438,,11835.0
2022-10-25 15:04:00-04:00,136.1300048828125,136.25,136.1300048828125,136.23500061035156,,10495.0
2022-10-25 15:05:00-04:00,136.25,136.32000732421875,136.22000122070312,136.27999877929688,,5114.0
2022-10-25 15:06:00-04:00,136.42999267578125,136.42999267578125,136.30999755859375,136.32000732421875,,8353.0
2022-10-25 15:07:00-04:00,136.27000427246094,136.3800048828125,136.27000427246094,136.2899932861328,,3230.0
2022-10-25 15:08:00-04:00,136.35000610351562,136.41000366210938,136.32440185546875,136.41000366210938,,2878.0
2022-10-25 15:09:00-04:00,136.375,136.52000427246094,136.36500549316406,136.4600067138672,,4831.0
2022-10-25 15:10:00-04:00,136.41000366210938,136.41000366210938,136.31149291992188,136.39999389648438,,4702.0
2022-10-25 15:11:00-04:00,136.33999633789062,136.36990356445312,136.27999877929688,136.30580139160156,,4466.0
2022-10-25 15:12:00-04:00,136.29119873046875,136.44000244140625,136.27999877929688,136.44000244140625,,4173.0
2022-10-25 15:13:00-04:00,136.4149932861328,136.5500030517578,136.38999938964844,136.4915008544922,,9535.0
2022-10-25 15:14:00-04:00,136.49000549316406,136.5399932861328,136.4304962158203,136.53500366210938,,4027.0
2022-10-25 15:15:00-04:00,136.55499267578125,136.6199951171875,136.5,136.5800018310547,,6556.0
2022-10-25 15:16:00-04:00,136.5500030517578,136.64999389648438,136.5500030517578,136.64999389648438,,8987.0
2022-10-25 15:17:00-04:00,136.66709899902344,136.66709899902344,136.57000732421875,136.63499450683594,,4117.0
2022-10-25 15:18:00-04:00,136.64999389648438,136.69000244140625,136.50799560546875,136.51170349121094,,10831.0
2022-10-25 15:19:00-04:00,136.52999877929688,136.58999633789062,136.4199981689453,136.49000549316406,,3765.0
2022-10-25 15:20:00-04:00,136.52000427246094,136.61000061035156,136.46499633789062,136.55499267578125,,5535.0
2022-10-25 15:21:00-04:00,136.55499267578125,136.55999755859375,136.49000549316406,136.52999877929688,,2745.0
2022-10-25 15:22:00-04:00,136.47999572753906,136.49000549316406,136.4499969482422,136.49000549316406,,3698.0
2022-10-25 15:23:00-04:00,136.47000122070312,136.5500030517578,136.42999267578125,136.44500732421875,,2713.0
2022-10-25 15:24:00-04:00,136.59500122070312,136.59500122070312,136.59500122070312,136.59500122070312,,3328.0
2022-10-25 15:25:00-04:00,136.60000610351562,136.8800048828125,136.5500030517578,136.82000732421875,,14588.0
2022-10-25 15:26:00-04:00,136.85000610351562,136.89999389648438,136.75999450683594,136.7899932861328,,18235.0
2022-10-25 15:27:00-04:00,136.77279663085938,136.78500366210938,136.7115936279297,136.75,,3001.0
2022-10-25 15:28:00-04:00,136.73500061035156,136.73500061035156,136.6199951171875,136.6699981689453,,9288.0
2022-10-25 15:29:00-04:00,136.69500732421875,136.69500732421875,136.6699981689453,136.6699981689453,,628.0
2022-10-25 15:30:00-04:00,136.61000061035156,136.8249969482422,136.59640502929688,136.80999755859375,,13584.0
2022-10-25 15:31:00-04:00,136.77999877929688,136.88999938964844,136.72999572753906,136.85000610351562,,10116.0
2022-10-25 15:32:00-04:00,136.85000610351562,136.93499755859375,136.80999755859375,136.9261932373047,,7012.0
2022-10-25 15:33:00-04:00,136.9499969482422,137.0500030517578,136.9199981689453,136.92999267578125,,16965.0
2022-10-25 15:34:00-04:00,136.96290588378906,137.0399932861328,136.78219604492188,136.82000732421875,,11163.0
2022-10-25 15:35:00-04:00,136.8000030517578,136.83999633789062,136.57000732421875,136.57000732421875,,14514.0
2022-10-25 15:36:00-04:00,136.57000732421875,136.63999938964844,136.5,136.55999755859375,,6655.0
2022-10-25 15:37:00-04:00,136.52999877929688,136.52999877929688,136.4250030517578,136.4600067138672,,5624.0
2022-10-25 15:38:00-04:00,136.47999572753906,136.50999450683594,136.43499755859375,136.47500610351562,,5496.0
2022-10-25 15:39:00-04:00,136.44500732421875,136.63999938964844,136.4199981689453,136.6300048828125,,7980.0
2022-10-25 15:40:00-04:00,136.6300048828125,136.6300048828125,136.38999938964844,136.41000366210938,,8616.0
2022-10-25 15:41:00-04:00,136.41000366210938,136.50999450683594,136.41000366210938,136.46499633789062,,6102.0
2022-10-25 15:42:00-04:00,136.4499969482422,136.58999633789062,136.4499969482422,136.5200958251953,,6822.0
2022-10-25 15:43:00-04:00,136.5800018310547,136.6199951171875,136.52999877929688,136.56500244140625,,5706.0
2022-10-25 15:44:00-04:00,136.57000732421875,136.60000610351562,136.5,136.60000610351562,,8698.0
2022-10-25 15:45:00-04:00,136.60000610351562,136.60000610351562,136.49000549316406,136.5,,15047.0
2022-10-25 15:46:00-04:00,136.52000427246094,136.52000427246094,136.4600067138672,136.49000549316406,,7673.0
2022-10-25 15:47:00-04:00,136.50999450683594,136.50999450683594,136.4250030517578,136.44000244140625,,5063.0
2022-10-25 15:48:00-04:00,136.4499969482422,136.63999938964844,136.4499969482422,136.63999938964844,,9085.0
2022-10-25 15:49:00-04:00,136.64999389648438,136.6790008544922,136.61000061035156,136.6300048828125,,15891.0
2022-10-25 15:50:00-04:00,136.61000061035156,136.6300048828125,136.42999267578125,136.5850067138672,,26916.0
2022-10-25 15:51:00-04:00,136.5850067138672,136.99989318847656,136.5850067138672,136.8350067138672,,21663.0
2022-10-25 15:52:00-04:00,136.8000030517578,136.85000610351562,136.75999450683594,136.8000030517578,,13393.0
2022-10-25 15:53:00-04:00,136.8300018310547,136.8800048828125,136.7899932861328,136.82000732421875,,13533.0
2022-10-25 15:54:00-04:00,136.77999877929688,136.7899932861328,136.58999633789062,136.58999633789062,,15622.0
2022-10-25 15:55:00-04:00,136.63999938964844,136.6699981689453,136.55999755859375,136.6199951171875,,17292.0
2022-10-25 15:56:00-04:00,136.63999938964844,136.7100067138672,136.60000610351562,136.6300048828125,,18990.0
2022-10-25 15:57:00-04:00,136.6300048828125,136.72999572753906,136.42999267578125,136.60000610351562,,33328.0
2022-10-25 15:58:00-04:00,136.5800018310547,136.5800018310547,136.4499969482422,136.49000549316406,,29613.0
2022-10-25 15:59:00-04:00,136.49000549316406,136.58999633789062,136.43569946289062,136.5399932861328,,70375.0
2022-10-26 09:30:00-04:00,137.25,137.90780639648438,137.0850067138672,137.79820251464844,,98379.0
2022-10-26 09:32:00-04:00,139.1533966064453,139.47500610351562,139.1533966064453,139.47500610351562,,67562.0
2022-10-26 09:33:00-04:00,139.47999572753906,139.72000122070312,138.91000366210938,139.67300415039062,,16475.0
2022-10-26 09:34:00-04:00,139.82000732421875,140.77000427246094,139.55999755859375,140.60499572753906,,99462.0
2022-10-26 09:35:00-04:00,140.5200958251953,140.60000610351562,139.42999267578125,139.43499755859375,,27607.0
2022-10-26 09:36:00-04:00,139.61000061035156,141.0,139.4550018310547,140.40139770507812,,20169.0
2022-10-26 09:37:00-04:00,140.38999938964844,140.89999389648438,140.27220153808594,140.6217041015625,,5479.0
2022-10-26 09:38:00-04:00,140.86000061035156,141.0,139.8000030517578,140.08999633789062,,15516.0
2022-10-26 09:39:00-04:00,139.99000549316406,140.72999572753906,139.99000549316406,140.67999267578125,,19459.0
2022-10-26 09:40:00-04:00,140.65249633789062,140.65249633789062,139.72000122070312,139.85000610351562,,13885.0
2022-10-26 09:41:00-04:00,139.91000366210938,140.8000030517578,139.64999389648438,140.7899932861328,,12619.0
2022-10-26 09:42:00-04:00,140.64999389648438,140.66000366210938,140.33999633789062,140.4199981689453,,25580.0
2022-10-26 09:43:00-04:00,140.4600067138672,140.52000427246094,139.60000610351562,139.60000610351562,,10751.0
2022-10-26 09:44:00-04:00,140.13999938964844,140.49000549316406,139.9600067138672,140.14999389648438,,9574.0
2022-10-26 09:45:00-04:00,140.4600067138672,141.14999389648438,140.4600067138672,141.10000610351562,,34727.0
2022-10-26 09:46:00-04:00,141.07000732421875,141.4600067138672,140.99000549316406,141.1999969482422,,24948.0
2022-10-26 09:47:00-04:00,141.1999969482422,141.79629516601562,141.1501007080078,141.6728057861328,,22902.0
2022-10-26 09:48:00-04:00,141.6999053955078,141.89999389648438,141.55499267578125,141.8800048828125,,20015.0
2022-10-26 09:49:00-04:00,141.8699951171875,142.5,141.75,142.5,,42913.0
2022-10-26 09:50:00-04:00,142.60000610351562,142.77000427246094,142.0500030517578,142.25,,32633.0
2022-10-26 09:51:00-04:00,142.30499267578125,142.55999755859375,142.1300048828125,142.27999877929688,,19090.0
2022-10-26 09:52:00-04:00,142.35000610351562,142.52000427246094,142.22000122070312,142.27000427246094,,15259.0
2022-10-26 09:53:00-04:00,142.27499389648438,142.41000366210938,141.9600067138672,142.10000610351562,,31990.0
2022-10-26 09:54:00-04:00,141.94149780273438,142.22000122070312,141.6999969482422,141.85279846191406,,21689.0
2022-10-26 09:55:00-04:00,141.75,142.5399932861328,141.75,142.39999389648438,,33160.0
2022-10-26 09:56:00-04:00,142.28500366210938,142.3000030517578,141.72999572753906,141.75,,8416.0
2022-10-26 09:57:00-04:00,141.8079071044922,141.92999267578125,141.4199981689453,141.66990661621094,,18171.0
2022-10-26 09:58:00-04:00,141.50999450683594,141.66000366210938,140.82000732421875,140.83999633789062,,14337.0
2022-10-26 09:59:00-04:00,140.83999633789062,141.14999389648438,140.5500030517578,140.6999969482422,,10370.0
2022-10-26 10:00:00-04:00,140.85000610351562,142.19000244140625,140.77000427246094,142.1033935546875,,25284.0
2022-10-26 10:01:00-04:00,142.24000549316406,142.72999572753906,141.24000549316406,141.24000549316406,,29397.0
2022-10-26 10:02:00-04:00,141.42999267578125,141.67999267578125,141.1699981689453,141.35499572753906,,13140.0
2022-10-26 10:03:00-04:00,141.36500549316406,141.5500030517578,140.88999938964844,140.88999938964844,,8838.0
2022-10-26 10:04:00-04:00,141.0800018310547,141.17999267578125,140.85000610351562,140.85000610351562,,8439.0
2022-10-26 10:05:00-04:00,140.8300018310547,141.00999450683594,140.5,140.72999572753906,,9637.0
2022-10-26 10:06:00-04:00,140.82000732421875,141.0,140.6177978515625,140.69369506835938,,6309.0
2022-10-26 10:07:00-04:00,140.85499572753906,141.16000366210938,140.8000030517578,141.1300048828125,,9910.0
2022-10-26 10:08:00-04:00,141.16000366210938,141.22000122070312,141.05999755859375,141.1999969482422,,5079.0
2022-10-26 10:09:00-04:00,141.22000122070312,141.4698944091797,141.05999755859375,141.38499450683594,,27759.0
2022-10-26 10:10:00-04:00,141.4499969482422,141.47000122070312,140.50999450683594,140.50999450683594,,23782.0
2022-10-26 10:11:00-04:00,140.6699981689453,141.07000732421875,140.6649932861328,140.91000366210938,,12026.0
2022-10-26 10:12:00-04:00,140.77999877929688,141.4600067138672,140.77999877929688,141.2899932861328,,19740.0
2022-10-26 10:13:00-04:00,141.32000732421875,141.61000061035156,141.25999450683594,141.52499389648438,,9595.0
2022-10-26 10:14:00-04:00,141.4250030517578,141.4250030517578,141.05999755859375,141.28599548339844,,10655.0
2022-10-26 10:15:00-04:00,141.05999755859375,141.49000549316406,140.8000030517578,140.82000732421875,,14699.0
2022-10-26 10:16:00-04:00,140.8699951171875,140.8699951171875,140.67999267578125,140.72999572753906,,4186.0
2022-10-26 10:17:00-04:00,140.8000030517578,141.07350158691406,140.7899932861328,140.9199981689453,,4977.0
2022-10-26 10:18:00-04:00,140.97999572753906,141.22000122070312,140.8300018310547,141.14999389648438,,7743.0
2022-10-26 10:19:00-04:00,141.22999572753906,141.25999450683594,141.08999633789062,141.1999969482422,,4348.0
2022-10-26 10:20:00-04:00,141.11000061035156,141.11000061035156,140.86000061035156,140.9199981689453,,7494.0
2022-10-26 10:21:00-04:00,141.1199951171875,141.70590209960938,140.86000061035156,141.70590209960938,,9009.0
2022-10-26 10:22:00-04:00,141.66000366210938,141.77999877929688,141.5399932861328,141.72000122070312,,11565.0
2022-10-26 10:23:00-04:00,141.52000427246094,141.77000427246094,141.47999572753906,141.7100067138672,,8093.0
2022-10-26 10:24:00-04:00,141.6999969482422,141.7949981689453,141.57000732421875,141.57000732421875,,2574.0
2022-10-26 10:25:00-04:00,141.52999877929688,141.5924072265625,141.27999877929688,141.47999572753906,,20895.0
2022-10-26 10:26:00-04:00,141.38999938964844,142.0,141.38999938964844,142.0,,14858.0
2022-10-26 10:27:00-04:00,141.9199981689453,142.33999633789062,141.9199981689453,142.33999633789062,,12716.0
2022-10-26 10:28:00-04:00,142.3000030517578,142.57000732421875,142.3000030517578,142.5,,21713.0
2022-10-26 10:29:00-04:00,142.52999877929688,142.57000732421875,142.13999938964844,142.36419677734375,,7366.0
2022-10-26 10:30:00-04:00,142.4250030517578,142.47109985351562,142.02999877929688,142.13499450683594,,13753.0
2022-10-26 10:31:00-04:00,142.1699981689453,142.17999267578125,141.94000244140625,142.16000366210938,,2798.0
2022-10-26 10:32:00-04:00,142.0500030517578,142.39430236816406,141.94000244140625,142.36000061035156,,4368.0
2022-10-26 10:33:00-04:00,142.32000732421875,142.35000610351562,142.0500030517578,142.25999450683594,,5677.0
2022-10-26 10:34:00-04:00,142.27000427246094,142.3300018310547,142.1999969482422,142.28500366210938,,8465.0
2022-10-26 10:35:00-04:00,142.24000549316406,142.38999938964844,142.24000549316406,142.30499267578125,,7462.0
2022-10-26 10:36:00-04:00,142.25999450683594,142.30999755859375,141.9423065185547,142.05999755859375,,10324.0
2022-10-26 10:37:00-04:00,142.1199951171875,142.19000244140625,141.97999572753906,142.0,,15114.0
2022-10-26 10:38:00-04:00,142.0,142.47999572753906,141.88999938964844,142.47999572753906,,14303.0
2022-10-26 10:39:00-04:00,142.3800048828125,142.6199951171875,142.30999755859375,142.5500030517578,,7629.0
2022-10-26 10:40:00-04:00,142.58999633789062,142.87989807128906,142.52499389648438,142.68299865722656,,13549.0
2022-10-26 10:41:00-04:00,142.625,142.8800048828125,142.6199951171875,142.8699951171875,,7535.0
2022-10-26 10:42:00-04:00,143.09500122070312,143.10000610351562,142.91000366210938,143.08999633789062,,55381.0
2022-10-26 10:43:00-04:00,143.10000610351562,143.3300018310547,142.9499969482422,143.11500549316406,,25458.0
2022-10-26 10:44:00-04:00,143.10000610351562,143.25990295410156,143.0399932861328,143.16000366210938,,4108.0
2022-10-26 10:45:00-04:00,143.07110595703125,143.60000610351562,142.98500061035156,143.4001007080078,,17417.0
2022-10-26 10:46:00-04:00,143.4499969482422,143.92999267578125,143.39999389648438,143.72999572753906,,36279.0
2022-10-26 10:47:00-04:00,143.6300048828125,144.0399932861328,143.55499267578125,144.02000427246094,,29152.0
2022-10-26 10:48:00-04:00,143.85000610351562,143.97850036621094,143.72999572753906,143.72999572753906,,12299.0
2022-10-26 10:49:00-04:00,143.6999969482422,143.8699951171875,143.39100646972656,143.8699951171875,,18780.0
2022-10-26 10:50:00-04:00,143.77000427246094,143.86000061035156,143.5500030517578,143.80499267578125,,7245.0
2022-10-26 10:51:00-04:00,143.7899932861328,144.17999267578125,143.77000427246094,143.89999389648438,,23905.0
2022-10-26 10:52:00-04:00,143.8699951171875,144.1999969482422,143.85499572753906,143.9499969482422,,17927.0
2022-10-26 10:53:00-04:00,143.9199981689453,144.27999877929688,143.78500366210938,144.19000244140625,,18231.0
2022-10-26 10:54:00-04:00,144.19000244140625,144.25,143.9199981689453,144.11000061035156,,18304.0
2022-10-26 10:55:00-04:00,144.0449981689453,144.08999633789062,143.82000732421875,143.82000732421875,,11278.0
2022-10-26 10:56:00-04:00,143.90499877929688,143.90499877929688,143.57009887695312,143.6999969482422,,8745.0
2022-10-26 10:57:00-04:00,143.64500427246094,143.77000427246094,143.61000061035156,143.73379516601562,,2236.0
2022-10-26 10:58:00-04:00,143.2949981689453,143.36000061035156,143.25999450683594,143.31480407714844,,26506.0
2022-10-26 10:59:00-04:00,143.35000610351562,143.4499969482422,143.13999938964844,143.14999389648438,,10909.0
2022-10-26 11:00:00-04:00,143.25,143.67999267578125,143.25,143.57000732421875,,29167.0
2022-10-26 11:01:00-04:00,143.4949951171875,144.08999633789062,143.49000549316406,144.02999877929688,,19803.0
2022-10-26 11:02:00-04:00,144.0800018310547,144.5,144.07000732421875,144.5,,18493.0
2022-10-26 11:03:00-04:00,144.5,144.7050018310547,144.47999572753906,144.5,,11725.0
2022-10-26 11:04:00-04:00,144.58999633789062,144.60000610351562,144.30999755859375,144.4199981689453,,20656.0
2022-10-26 11:05:00-04:00,144.3699951171875,144.55999755859375,144.02999877929688,144.5449981689453,,20146.0
2022-10-26 11:06:00-04:00,144.55499267578125,144.67999267578125,144.3072052001953,144.35000610351562,,10667.0
2022-10-26 11:07:00-04:00,144.3699951171875,144.39999389648438,144.16000366210938,144.2449951171875,,7650.0
2022-10-26 11:08:00-04:00,144.24000549316406,144.36000061035156,144.1999969482422,144.2899932861328,,3142.0
2022-10-26 11:09:00-04:00,144.2205047607422,144.55999755859375,144.2205047607422,144.47000122070312,,16140.0
2022-10-26 11:10:00-04:00,144.36000061035156,144.36000061035156,144.3125,144.3125,,471.0
2022-10-26 11:11:00-04:00,144.48390197753906,144.5800018310547,144.30209350585938,144.50999450683594,,20253.0
2022-10-26 11:12:00-04:00,144.5,144.97000122070312,144.38009643554688,144.97000122070312,,39718.0
2022-10-26 11:13:00-04:00,144.88499450683594,144.91000366210938,144.49000549316406,144.49000549316406,,10060.0
2022-10-26 11:14:00-04:00,144.67999267578125,144.75,144.54249572753906,144.58999633789062,,6706.0
2022-10-26 11:15:00-04:00,144.62010192871094,144.88999938964844,144.62010192871094,144.7200927734375,,14606.0
2022-10-26 11:16:00-04:00,144.8000030517578,144.97000122070312,144.7100067138672,144.89999389648438,,23626.0
2022-10-26 11:17:00-04:00,144.94000244140625,144.97000122070312,144.60000610351562,144.63999938964844,,21507.0
2022-10-26 11:18:00-04:00,144.60009765625,144.8699951171875,144.58999633789062,144.84500122070312,,10147.0
2022-10-26 11:19:00-04:00,144.75999450683594,144.83999633789062,144.3699951171875,144.55999755859375,,12890.0
2022-10-26 11:20:00-04:00,144.61000061035156,144.85000610351562,144.61000061035156,144.8300018310547,,5824.0
2022-10-26 11:21:00-04:00,144.79400634765625,144.92999267578125,144.7100067138672,144.86000061035156,,9886.0
2022-10-26 11:22:00-04:00,144.9199981689453,145.40499877929688,144.9199981689453,145.33999633789062,,76505.0
2022-10-26 11:23:00-04:00,145.27999877929688,147.67999267578125,145.27999877929688,146.2449951171875,,230166.0
2022-10-26 11:24:00-04:00,146.30999755859375,146.92999267578125,145.88999938964844,146.3300018310547,,68247.0
2022-10-26 11:25:00-04:00,146.32000732421875,146.39999389648438,145.52999877929688,146.0283966064453,,68507.0
2022-10-26 11:26:00-04:00,145.76499938964844,145.94000244140625,145.1300048828125,145.4550018310547,,40809.0
2022-10-26 11:27:00-04:00,145.4550018310547,145.64999389648438,145.07000732421875,145.07000732421875,,21920.0
2022-10-26 11:28:00-04:00,145.0050048828125,145.5500030517578,145.0050048828125,145.27000427246094,,15247.0
2022-10-26 11:29:00-04:00,145.22999572753906,145.27999877929688,144.80999755859375,145.24000549316406,,26976.0
2022-10-26 11:30:00-04:00,145.33999633789062,145.52999877929688,145.10000610351562,145.27999877929688,,19149.0
2022-10-26 11:31:00-04:00,145.22500610351562,145.41000366210938,144.9600067138672,145.21499633789062,,28082.0
2022-10-26 11:32:00-04:00,145.27999877929688,145.33999633789062,144.82000732421875,144.99000549316406,,26124.0
2022-10-26 11:33:00-04:00,144.8350067138672,144.99000549316406,144.66000366210938,144.72500610351562,,17175.0
2022-10-26 11:34:00-04:00,144.77999877929688,145.17999267578125,144.69000244140625,145.0800018310547,,10514.0
2022-10-26 11:35:00-04:00,145.0800018310547,145.09779357910156,144.6999969482422,144.8300018310547,,19771.0
2022-10-26 11:36:00-04:00,144.80320739746094,144.89999389648438,144.6199951171875,144.64999389648438,,14671.0
2022-10-26 11:37:00-04:00,144.64999389648438,144.86000061035156,144.55999755859375,144.6699981689453,,21466.0
2022-10-26 11:38:00-04:00,144.64999389648438,144.8699951171875,144.57000732421875,144.60000610351562,,15846.0
2022-10-26 11:39:00-04:00,144.6699981689453,144.92999267578125,144.64999389648438,144.64999389648438,,9662.0
2022-10-26 11:40:00-04:00,144.64999389648438,144.7100067138672,144.41000366210938,144.47000122070312,,24208.0
2022-10-26 11:41:00-04:00,144.63499450683594,144.85000610351562,144.5500030517578,144.72999572753906,,11829.0
2022-10-26 11:42:00-04:00,144.74000549316406,144.8699951171875,144.5800018310547,144.85069274902344,,12686.0
2022-10-26 11:43:00-04:00,144.3699951171875,144.3699951171875,144.25999450683594,144.30999755859375,,12382.0
2022-10-26 11:44:00-04:00,144.2899932861328,144.3300018310547,144.15499877929688,144.15499877929688,,11387.0
2022-10-26 11:45:00-04:00,144.14500427246094,144.33999633789062,144.0500030517578,144.14999389648438,,13326.0
2022-10-26 11:46:00-04:00,144.17379760742188,144.30999755859375,144.02000427246094,144.02999877929688,,26977.0
2022-10-26 11:47:00-04:00,144.11000061035156,144.25999450683594,144.02999877929688,144.2100067138672,,13294.0
2022-10-26 11:48:00-04:00,144.2100067138672,144.61000061035156,144.2100067138672,144.60000610351562,,8520.0
2022-10-26 11:49:00-04:00,144.38999938964844,144.55999755859375,144.25999450683594,144.3699951171875,,7361.0
2022-10-26 11:50:00-04:00,144.44000244140625,144.57000732421875,144.27999877929688,144.4199981689453,,7290.0
2022-10-26 11:51:00-04:00,144.57000732421875,144.60000610351562,144.16000366210938,144.2100067138672,,9002.0
2022-10-26 11:52:00-04:00,144.50999450683594,144.50999450683594,144.39610290527344,144.39610290527344,,7164.0
2022-10-26 11:53:00-04:00,144.4550018310547,144.4550018310547,143.83999633789062,143.9499969482422,,15071.0
2022-10-26 11:54:00-04:00,143.9499969482422,144.0500030517578,143.75,143.75,,13036.0
2022-10-26 11:55:00-04:00,143.80999755859375,143.8800048828125,143.55999755859375,143.67999267578125,,35678.0
2022-10-26 11:56:00-04:00,143.7274932861328,144.16000366210938,143.7274932861328,144.16000366210938,,20557.0
2022-10-26 11:57:00-04:00,144.08999633789062,144.25999450683594,144.0,144.22000122070312,,10116.0
2022-10-26 11:58:00-04:00,144.2550048828125,144.89999389648438,144.17999267578125,144.8800048828125,,21306.0
2022-10-26 11:59:00-04:00,144.83999633789062,145.10000610351562,144.72999572753906,145.08999633789062,,26252.0
2022-10-26 12:00:00-04:00,145.09500122070312,145.39990234375,145.0399932861328,145.35000610351562,,23015.0
2022-10-26 12:01:00-04:00,145.25999450683594,145.47000122070312,145.22000122070312,145.3759002685547,,12347.0
2022-10-26 12:02:00-04:00,145.34500122070312,145.57000732421875,144.92430114746094,145.24859619140625,,31963.0
2022-10-26 12:03:00-04:00,145.25999450683594,145.3800048828125,145.17100524902344,145.26499938964844,,6291.0
2022-10-26 12:04:00-04:00,145.1699981689453,145.2100067138672,144.94000244140625,144.94000244140625,,16327.0
2022-10-26 12:05:00-04:00,144.9499969482422,144.9499969482422,144.69000244140625,144.77000427246094,,8837.0
2022-10-26 12:06:00-04:00,144.75999450683594,144.89999389648438,144.5500030517578,144.63999938964844,,12600.0
2022-10-26 12:07:00-04:00,144.5749969482422,144.69000244140625,144.360107421875,144.52999877929688,,8016.0
2022-10-26 12:08:00-04:00,144.46499633789062,144.52999877929688,144.35000610351562,144.52999877929688,,9343.0
2022-10-26 12:09:00-04:00,144.50999450683594,144.7899932861328,144.38999938964844,144.5395050048828,,6729.0
2022-10-26 12:10:00-04:00,144.47000122070312,144.99989318847656,144.47000122070312,144.91000366210938,,16038.0
2022-10-26 12:11:00-04:00,144.85000610351562,145.085693359375,144.85000610351562,144.9600067138672,,5372.0
2022-10-26 12:12:00-04:00,145.00999450683594,145.0449981689453,144.89999389648438,145.006103515625,,3041.0
2022-10-26 12:13:00-04:00,144.9600067138672,145.07000732421875,144.83999633789062,144.89999389648438,,4716.0
2022-10-26 12:14:00-04:00,144.83999633789062,144.875,144.7449951171875,144.7449951171875,,2437.0
2022-10-26 12:15:00-04:00,144.80999755859375,144.80999755859375,144.61000061035156,144.69000244140625,,4308.0
2022-10-26 12:16:00-04:00,144.6699981689453,144.75,144.5800018310547,144.69000244140625,,13358.0
2022-10-26 12:17:00-04:00,144.6699981689453,144.6999969482422,144.52999877929688,144.5500030517578,,13086.0
2022-10-26 12:18:00-04:00,144.5500030517578,144.81500244140625,144.5399932861328,144.80999755859375,,8365.0
2022-10-26 12:19:00-04:00,144.81500244140625,144.8699951171875,144.7100067138672,144.77999877929688,,4593.0
2022-10-26 12:20:00-04:00,144.75999450683594,144.75999450683594,144.5,144.55999755859375,,4896.0
2022-10-26 12:21:00-04:00,144.5,144.5428009033203,144.44000244140625,144.44000244140625,,6214.0
2022-10-26 12:22:00-04:00,144.49000549316406,144.75999450683594,144.3800048828125,144.75,,9715.0
2022-10-26 12:23:00-04:00,144.71499633789062,144.86000061035156,144.71499633789062,144.80999755859375,,3065.0
2022-10-26 12:24:00-04:00,144.7949981689453,144.7949981689453,144.7050018310547,144.7050018310547,,2622.0
2022-10-26 12:25:00-04:00,144.7050018310547,144.7050018310547,144.58999633789062,144.63999938964844,,3066.0
2022-10-26 12:26:00-04:00,144.4600067138672,144.49000549316406,144.22999572753906,144.28500366210938,,5369.0
2022-10-26 12:27:00-04:00,144.27000427246094,144.27000427246094,144.08999633789062,144.25,,9798.0
2022-10-26 12:28:00-04:00,144.27999877929688,144.4698944091797,144.27999877929688,144.3300018310547,,7329.0
2022-10-26 12:29:00-04:00,144.25999450683594,144.25999450683594,144.00379943847656,144.0800018310547,,3272.0
2022-10-26 12:30:00-04:00,144.01629638671875,144.2100067138672,144.01629638671875,144.2100067138672,,2888.0
2022-10-26 12:31:00-04:00,144.3000030517578,144.44000244140625,144.25999450683594,144.28500366210938,,4481.0
2022-10-26 12:32:00-04:00,144.3300018310547,144.5800018310547,144.3300018310547,144.5800018310547,,4909.0
2022-10-26 12:33:00-04:00,144.57850646972656,144.57850646972656,144.24000549316406,144.27499389648438,,3678.0
2022-10-26 12:34:00-04:00,144.25,144.25,144.14999389648438,144.2100067138672,,1176.0
2022-10-26 12:35:00-04:00,144.0850067138672,144.16000366210938,143.9600067138672,144.00999450683594,,7004.0
2022-10-26 12:36:00-04:00,144.0,144.0399932861328,143.85000610351562,144.0,,7281.0
2022-10-26 12:37:00-04:00,144.02999877929688,144.0500030517578,143.90499877929688,143.95970153808594,,5158.0
2022-10-26 12:38:00-04:00,143.8699951171875,143.8699951171875,143.57000732421875,143.58009338378906,,6264.0
2022-10-26 12:39:00-04:00,143.63999938964844,143.63999938964844,143.3800048828125,143.52000427246094,,13707.0
2022-10-26 12:40:00-04:00,143.4600067138672,143.64999389648438,143.44000244140625,143.49000549316406,,5967.0
2022-10-26 12:41:00-04:00,143.35000610351562,143.3925018310547,143.24009704589844,143.24009704589844,,2391.0
2022-10-26 12:42:00-04:00,143.3000030517578,143.35000610351562,143.08999633789062,143.19000244140625,,8419.0
2022-10-26 12:43:00-04:00,143.1999969482422,143.30999755859375,143.10000610351562,143.2899932861328,,5850.0
2022-10-26 12:44:00-04:00,143.27000427246094,143.27000427246094,143.19000244140625,143.19000244140625,,2869.0
2022-10-26 12:45:00-04:00,143.1251983642578,143.25,143.1251983642578,143.22999572753906,,5357.0
2022-10-26 12:46:00-04:00,143.13999938964844,143.27499389648438,143.08999633789062,143.10000610351562,,6765.0
2022-10-26 12:47:00-04:00,143.0800018310547,143.08999633789062,142.9600067138672,142.9600067138672,,12350.0
2022-10-26 12:48:00-04:00,142.9949951171875,143.1999969482422,142.9949951171875,143.10499572753906,,4884.0
2022-10-26 12:49:00-04:00,143.02999877929688,143.02999877929688,142.9199981689453,142.99000549316406,,1993.0
2022-10-26 12:50:00-04:00,142.91000366210938,142.91000366210938,142.61000061035156,142.6999969482422,,10502.0
2022-10-26 12:51:00-04:00,142.74000549316406,142.85000610351562,142.64999389648438,142.7801055908203,,9361.0
2022-10-26 12:52:00-04:00,142.72999572753906,142.88999938964844,142.60000610351562,142.74000549316406,,15239.0
2022-10-26 12:53:00-04:00,142.80999755859375,142.80999755859375,142.76499938964844,142.76499938964844,,13649.0
2022-10-26 12:54:00-04:00,142.77000427246094,142.80999755859375,142.77000427246094,142.80999755859375,,1673.0
2022-10-26 12:55:00-04:00,142.81500244140625,142.97999572753906,142.81500244140625,142.88999938964844,,11197.0
2022-10-26 12:56:00-04:00,142.83999633789062,142.91000366210938,142.57000732421875,142.57000732421875,,5079.0
2022-10-26 12:57:00-04:00,142.5800018310547,142.6199951171875,142.47039794921875,142.5500030517578,,8019.0
2022-10-26 12:58:00-04:00,142.47999572753906,142.7100067138672,142.42999267578125,142.64999389648438,,9182.0
2022-10-26 12:59:00-04:00,142.69000244140625,142.72500610351562,142.60000610351562,142.72500610351562,,2190.0
2022-10-26 13:00:00-04:00,142.6750030517578,142.6750030517578,142.35000610351562,142.55999755859375,,5906.0
2022-10-26 13:01:00-04:00,142.55999755859375,142.55999755859375,142.3300018310547,142.50999450683594,,8914.0
2022-10-26 13:02:00-04:00,142.55389404296875,142.75,142.47000122070312,142.6824951171875,,5155.0
2022-10-26 13:03:00-04:00,142.72000122070312,142.77000427246094,142.6199951171875,142.75999450683594,,2677.0
2022-10-26 13:04:00-04:00,142.64500427246094,142.74899291992188,142.5399932861328,142.74899291992188,,3674.0
2022-10-26 13:05:00-04:00,142.73260498046875,142.73260498046875,142.5,142.5,,3145.0
2022-10-26 13:06:00-04:00,142.56500244140625,142.6999969482422,142.50999450683594,142.6999969482422,,8299.0
2022-10-26 13:07:00-04:00,142.53500366210938,142.53500366210938,142.53500366210938,142.53500366210938,,4190.0
2022-10-26 13:08:00-04:00,142.52000427246094,142.52000427246094,142.2899932861328,142.39999389648438,,7568.0
2022-10-26 13:09:00-04:00,142.27999877929688,142.42999267578125,142.22000122070312,142.2899932861328,,3244.0
2022-10-26 13:10:00-04:00,142.30999755859375,142.41000366210938,142.15499877929688,142.41000366210938,,2926.0
2022-10-26 13:11:00-04:00,142.39500427246094,142.4893035888672,142.32000732421875,142.45440673828125,,2702.0
2022-10-26 13:12:00-04:00,142.4792938232422,142.4792938232422,142.1300048828125,142.1300048828125,,2400.0
2022-10-26 13:13:00-04:00,142.0800018310547,142.41000366210938,141.91000366210938,142.41000366210938,,13425.0
2022-10-26 13:14:00-04:00,142.3520050048828,142.3520050048828,142.25,142.33070373535156,,4286.0
2022-10-26 13:15:00-04:00,142.3800048828125,142.5,142.27999877929688,142.36000061035156,,8856.0
2022-10-26 13:16:00-04:00,142.47000122070312,142.60279846191406,142.44400024414062,142.60279846191406,,5187.0
2022-10-26 13:17:00-04:00,142.58999633789062,142.72000122070312,142.4499969482422,142.72000122070312,,5136.0
2022-10-26 13:18:00-04:00,142.6199951171875,142.67999267578125,142.58999633789062,142.6656951904297,,2242.0
2022-10-26 13:19:00-04:00,142.60499572753906,142.60780334472656,142.5,142.50999450683594,,4890.0
2022-10-26 13:20:00-04:00,142.55999755859375,142.55999755859375,142.22999572753906,142.27000427246094,,9470.0
2022-10-26 13:21:00-04:00,142.2899932861328,142.3000030517578,142.07000732421875,142.2100067138672,,6525.0
2022-10-26 13:22:00-04:00,142.1199951171875,142.1199951171875,141.94659423828125,142.0,,10058.0
2022-10-26 13:23:00-04:00,141.99000549316406,142.0,141.74000549316406,141.78500366210938,,7493.0
2022-10-26 13:24:00-04:00,141.72999572753906,141.86000061035156,141.6699981689453,141.86000061035156,,11970.0
2022-10-26 13:25:00-04:00,141.7899932861328,141.7899932861328,141.6300048828125,141.6300048828125,,7791.0
2022-10-26 13:26:00-04:00,141.6699981689453,141.94500732421875,141.65499877929688,141.94500732421875,,4610.0
2022-10-26 13:27:00-04:00,141.68499755859375,141.72999572753906,141.5399932861328,141.57000732421875,,10899.0
2022-10-26 13:28:00-04:00,141.61000061035156,141.64999389648438,141.5399932861328,141.57000732421875,,1359.0
2022-10-26 13:29:00-04:00,141.75250244140625,141.75250244140625,141.60000610351562,141.66000366210938,,9926.0
2022-10-26 13:30:00-04:00,141.74000549316406,141.75999450683594,141.5399932861328,141.60000610351562,,3500.0
2022-10-26 13:31:00-04:00,141.61000061035156,141.6699981689453,141.5500030517578,141.59970092773438,,3624.0
2022-10-26 13:32:00-04:00,141.55999755859375,141.55999755859375,141.4149932861328,141.5,,9879.0
2022-10-26 13:33:00-04:00,141.5,141.7050018310547,141.47000122070312,141.7050018310547,,5163.0
2022-10-26 13:34:00-04:00,141.60000610351562,141.61000061035156,141.5045928955078,141.61000061035156,,13024.0
2022-10-26 13:35:00-04:00,141.61000061035156,141.74000549316406,141.60000610351562,141.63389587402344,,6255.0
2022-10-26 13:36:00-04:00,141.63499450683594,141.82000732421875,141.58999633789062,141.82000732421875,,9559.0
2022-10-26 13:37:00-04:00,141.83999633789062,141.8800048828125,141.75010681152344,141.75010681152344,,4162.0
2022-10-26 13:38:00-04:00,141.86000061035156,141.8699951171875,141.67999267578125,141.67999267578125,,2836.0
2022-10-26 13:39:00-04:00,141.61000061035156,141.77999877929688,141.55999755859375,141.72999572753906,,15894.0
2022-10-26 13:40:00-04:00,141.72999572753906,141.89999389648438,141.63999938964844,141.82000732421875,,9371.0
2022-10-26 13:41:00-04:00,141.81500244140625,141.86000061035156,141.8000030517578,141.8000030517578,,2561.0
2022-10-26 13:42:00-04:00,141.83999633789062,141.92999267578125,141.77999877929688,141.92999267578125,,6909.0
2022-10-26 13:43:00-04:00,141.9600067138672,142.13999938964844,141.9499969482422,142.13999938964844,,7505.0
2022-10-26 13:44:00-04:00,142.16900634765625,142.24989318847656,142.13999938964844,142.1645965576172,,3965.0
2022-10-26 13:45:00-04:00,142.1999969482422,142.42999267578125,142.1300048828125,142.33999633789062,,10197.0
2022-10-26 13:46:00-04:00,142.35000610351562,142.38999938964844,142.18499755859375,142.2899932861328,,10049.0
2022-10-26 13:47:00-04:00,142.13999938964844,142.19000244140625,142.0200958251953,142.0200958251953,,2694.0
2022-10-26 13:48:00-04:00,142.05999755859375,142.05999755859375,141.91000366210938,141.94000244140625,,9004.0
2022-10-26 13:49:00-04:00,141.89999389648438,141.97500610351562,141.8800048828125,141.97500610351562,,3294.0
2022-10-26 13:50:00-04:00,141.92999267578125,142.08999633789062,141.92999267578125,142.05999755859375,,8356.0
2022-10-26 13:51:00-04:00,142.05999755859375,142.18829345703125,142.05999755859375,142.10000610351562,,6313.0
2022-10-26 13:52:00-04:00,142.1699981689453,142.1699981689453,142.00999450683594,142.0500030517578,,6734.0
2022-10-26 13:53:00-04:00,142.02999877929688,142.1300048828125,142.02999877929688,142.05999755859375,,7552.0
2022-10-26 13:54:00-04:00,142.05499267578125,142.28500366210938,142.05499267578125,142.27499389648438,,6413.0
2022-10-26 13:55:00-04:00,142.27499389648438,142.3173065185547,142.19000244140625,142.24989318847656,,3828.0
2022-10-26 13:56:00-04:00,142.07000732421875,142.1199951171875,142.02999877929688,142.02999877929688,,3084.0
2022-10-26 13:57:00-04:00,142.02999877929688,142.3699951171875,142.0,142.3699951171875,,6226.0
2022-10-26 13:58:00-04:00,142.30999755859375,142.4499969482422,142.27000427246094,142.4199981689453,,5902.0
2022-10-26 13:59:00-04:00,142.36830139160156,142.3699951171875,142.22999572753906,142.22999572753906,,4552.0
2022-10-26 14:00:00-04:00,142.19000244140625,142.22000122070312,142.07000732421875,142.22000122070312,,3701.0
2022-10-26 14:01:00-04:00,142.22000122070312,142.44000244140625,142.19500732421875,142.44000244140625,,6728.0
2022-10-26 14:02:00-04:00,142.41000366210938,142.4322052001953,142.25,142.25,,2944.0
2022-10-26 14:03:00-04:00,142.30690002441406,142.39999389648438,142.3000030517578,142.39999389648438,,3148.0
2022-10-26 14:04:00-04:00,142.35000610351562,142.39500427246094,142.3000030517578,142.3300018310547,,6602.0
2022-10-26 14:05:00-04:00,142.35499572753906,142.41000366210938,142.32000732421875,142.35000610351562,,5044.0
2022-10-26 14:06:00-04:00,142.36500549316406,142.41000366210938,142.33999633789062,142.3699951171875,,4404.0
2022-10-26 14:07:00-04:00,142.3699951171875,142.4199981689453,142.27000427246094,142.27000427246094,,9597.0
2022-10-26 14:08:00-04:00,142.25999450683594,142.30499267578125,142.1649932861328,142.17430114746094,,6964.0
2022-10-26 14:09:00-04:00,142.1750030517578,142.1750030517578,142.10000610351562,142.13999938964844,,4150.0
2022-10-26 14:10:00-04:00,142.08999633789062,142.1300048828125,141.89999389648438,141.89999389648438,,14584.0
2022-10-26 14:11:00-04:00,141.89230346679688,142.07000732421875,141.89230346679688,141.9550018310547,,10456.0
2022-10-26 14:12:00-04:00,141.9499969482422,141.9550018310547,141.82000732421875,141.89999389648438,,4729.0
2022-10-26 14:13:00-04:00,141.86000061035156,141.9199981689453,141.86000061035156,141.89999389648438,,2074.0
2022-10-26 14:14:00-04:00,141.85000610351562,141.8699951171875,141.6699981689453,141.6750030517578,,5203.0
2022-10-26 14:15:00-04:00,141.72999572753906,141.74000549316406,141.57000732421875,141.5800018310547,,8620.0
2022-10-26 14:16:00-04:00,141.61000061035156,141.7100067138672,141.52000427246094,141.7100067138672,,5083.0
2022-10-26 14:17:00-04:00,141.66000366210938,141.69000244140625,141.56539916992188,141.5850067138672,,4551.0
2022-10-26 14:18:00-04:00,141.69000244140625,141.72999572753906,141.60000610351562,141.7100067138672,,6213.0
2022-10-26 14:19:00-04:00,141.66000366210938,141.82000732421875,141.66000366210938,141.74000549316406,,5828.0
2022-10-26 14:20:00-04:00,141.75,141.75,141.52000427246094,141.52000427246094,,5094.0
2022-10-26 14:21:00-04:00,141.58999633789062,141.72000122070312,141.52999877929688,141.57749938964844,,5871.0
2022-10-26 14:22:00-04:00,141.52000427246094,141.70399475097656,141.52000427246094,141.70399475097656,,2508.0
2022-10-26 14:23:00-04:00,141.6201934814453,141.64999389648438,141.52000427246094,141.60000610351562,,5138.0
2022-10-26 14:24:00-04:00,141.6199951171875,141.62100219726562,141.52000427246094,141.57000732421875,,6142.0
2022-10-26 14:25:00-04:00,141.52999877929688,141.58999633789062,141.52000427246094,141.58999633789062,,4202.0
2022-10-26 14:26:00-04:00,141.57000732421875,141.73989868164062,141.52000427246094,141.69500732421875,,21626.0
2022-10-26 14:27:00-04:00,141.64999389648438,141.64999389648438,141.5,141.5850067138672,,8244.0
2022-10-26 14:28:00-04:00,141.5850067138672,141.8000030517578,141.5850067138672,141.8000030517578,,4441.0
2022-10-26 14:29:00-04:00,141.6999969482422,141.8730926513672,141.69000244140625,141.8699951171875,,3076.0
2022-10-26 14:30:00-04:00,141.94000244140625,141.94000244140625,141.82000732421875,141.88999938964844,,2555.0
2022-10-26 14:31:00-04:00,141.9600067138672,141.97999572753906,141.9149932861328,141.9149932861328,,2501.0
2022-10-26 14:32:00-04:00,141.9600067138672,141.97500610351562,141.85000610351562,141.94000244140625,,4043.0
2022-10-26 14:33:00-04:00,141.92999267578125,141.94000244140625,141.6313934326172,141.67430114746094,,4366.0
2022-10-26 14:34:00-04:00,141.6199951171875,141.6199951171875,141.5,141.55999755859375,,5566.0
2022-10-26 14:35:00-04:00,141.52000427246094,141.67999267578125,141.5,141.67999267578125,,7457.0
2022-10-26 14:36:00-04:00,141.73609924316406,141.73609924316406,141.5800018310547,141.64999389648438,,4513.0
2022-10-26 14:37:00-04:00,141.58999633789062,141.94000244140625,141.58999633789062,141.89999389648438,,7006.0
2022-10-26 14:38:00-04:00,141.9250030517578,141.9250030517578,141.77999877929688,141.8300018310547,,3146.0
2022-10-26 14:39:00-04:00,141.77000427246094,141.89999389648438,141.72999572753906,141.83999633789062,,5477.0
2022-10-26 14:40:00-04:00,141.92359924316406,141.92359924316406,141.7899932861328,141.8300018310547,,3346.0
2022-10-26 14:41:00-04:00,141.84519958496094,141.84519958496094,141.7100067138672,141.7100067138672,,1685.0
2022-10-26 14:42:00-04:00,141.7100067138672,141.75999450683594,141.68499755859375,141.75999450683594,,1288.0
2022-10-26 14:43:00-04:00,141.57000732421875,141.64999389648438,141.47999572753906,141.64999389648438,,7478.0
2022-10-26 14:44:00-04:00,141.60000610351562,141.60000610351562,141.1699981689453,141.17010498046875,,16401.0
2022-10-26 14:45:00-04:00,141.2100067138672,141.4199981689453,141.2100067138672,141.3000030517578,,14163.0
2022-10-26 14:46:00-04:00,141.3159942626953,141.3800048828125,141.25999450683594,141.30810546875,,2708.0
2022-10-26 14:47:00-04:00,141.33999633789062,141.42149353027344,141.2949981689453,141.35499572753906,,4443.0
2022-10-26 14:48:00-04:00,141.39999389648438,141.44000244140625,141.32000732421875,141.32000732421875,,2545.0
2022-10-26 14:49:00-04:00,141.3350067138672,141.41000366210938,141.25999450683594,141.41000366210938,,3645.0
2022-10-26 14:50:00-04:00,141.41000366210938,141.41000366210938,141.2899932861328,141.30999755859375,,3210.0
2022-10-26 14:51:00-04:00,141.4199981689453,141.4199981689453,141.25999450683594,141.4149932861328,,4767.0
2022-10-26 14:52:00-04:00,141.4199981689453,141.47000122070312,141.36000061035156,141.38999938964844,,7027.0
2022-10-26 14:53:00-04:00,141.4199981689453,141.66000366210938,141.38499450683594,141.64999389648438,,5918.0
2022-10-26 14:54:00-04:00,141.60000610351562,141.6699981689453,141.5,141.55999755859375,,5079.0
2022-10-26 14:55:00-04:00,141.5850067138672,141.5850067138672,141.43499755859375,141.47500610351562,,4561.0
2022-10-26 14:56:00-04:00,141.47000122070312,141.52999877929688,141.30999755859375,141.35000610351562,,5373.0
2022-10-26 14:57:00-04:00,141.38999938964844,141.54269409179688,141.27999877929688,141.54269409179688,,2988.0
2022-10-26 14:58:00-04:00,141.55499267578125,141.6999053955078,141.55499267578125,141.6999053955078,,3270.0
2022-10-26 14:59:00-04:00,141.63999938964844,141.6699981689453,141.5500030517578,141.60000610351562,,4172.0
2022-10-26 15:00:00-04:00,141.52999877929688,141.5800018310547,141.3000030517578,141.3000030517578,,5355.0
2022-10-26 15:01:00-04:00,141.47999572753906,141.50999450683594,141.42999267578125,141.44000244140625,,11842.0
2022-10-26 15:02:00-04:00,141.4149932861328,141.4149932861328,141.2899932861328,141.32000732421875,,6452.0
2022-10-26 15:03:00-04:00,141.3249969482422,141.3800048828125,141.2100067138672,141.25,,4841.0
2022-10-26 15:04:00-04:00,141.22000122070312,141.36000061035156,141.22000122070312,141.33999633789062,,5862.0
2022-10-26 15:05:00-04:00,141.35000610351562,141.49000549316406,141.3000030517578,141.3800048828125,,7695.0
2022-10-26 15:06:00-04:00,141.34500122070312,141.36000061035156,141.2100067138672,141.2899932861328,,3813.0
2022-10-26 15:07:00-04:00,141.29879760742188,141.35000610351562,141.22000122070312,141.3249969482422,,7113.0
2022-10-26 15:08:00-04:00,141.3249969482422,141.3249969482422,141.1999969482422,141.3249969482422,,15715.0
2022-10-26 15:09:00-04:00,141.30999755859375,141.60000610351562,141.2949981689453,141.5850067138672,,7427.0
2022-10-26 15:10:00-04:00,141.52999877929688,141.5500030517578,141.4499969482422,141.4600067138672,,10563.0
2022-10-26 15:11:00-04:00,141.52459716796875,141.5500030517578,141.38999938964844,141.39500427246094,,11846.0
2022-10-26 15:12:00-04:00,141.42999267578125,141.60000610351562,141.4199981689453,141.52499389648438,,7201.0
2022-10-26 15:13:00-04:00,141.47999572753906,141.60780334472656,141.44500732421875,141.60780334472656,,2265.0
2022-10-26 15:14:00-04:00,141.72999572753906,141.82679748535156,141.64999389648438,141.77000427246094,,8933.0
2022-10-26 15:15:00-04:00,141.8300018310547,141.99000549316406,141.8300018310547,141.9499969482422,,10805.0
2022-10-26 15:16:00-04:00,141.99000549316406,142.17999267578125,141.9499969482422,142.1649932861328,,10415.0
2022-10-26 15:17:00-04:00,142.1999969482422,142.3300018310547,142.16000366210938,142.22999572753906,,6995.0
2022-10-26 15:18:00-04:00,142.30909729003906,142.38999938964844,142.25999450683594,142.38999938964844,,7404.0
2022-10-26 15:19:00-04:00,142.4499053955078,142.5500030517578,142.39999389648438,142.44500732421875,,14853.0
2022-10-26 15:20:00-04:00,142.4550018310547,142.52000427246094,142.41000366210938,142.52000427246094,,9364.0
2022-10-26 15:21:00-04:00,142.4600067138672,142.5,142.39999389648438,142.4741973876953,,6496.0
2022-10-26 15:22:00-04:00,142.50999450683594,142.52999877929688,142.3699951171875,142.4499969482422,,9866.0
2022-10-26 15:23:00-04:00,142.50999450683594,142.50999450683594,142.25999450683594,142.25999450683594,,8534.0
2022-10-26 15:24:00-04:00,142.25,142.25,142.10000610351562,142.21499633789062,,7585.0
2022-10-26 15:25:00-04:00,142.24000549316406,142.25,142.19000244140625,142.22000122070312,,6983.0
2022-10-26 15:26:00-04:00,142.22500610351562,142.22999572753906,141.99000549316406,141.99000549316406,,9369.0
2022-10-26 15:27:00-04:00,142.0,142.27000427246094,141.94000244140625,142.1300048828125,,12733.0
2022-10-26 15:28:00-04:00,142.1300048828125,142.22000122070312,142.05520629882812,142.1300048828125,,26716.0
2022-10-26 15:29:00-04:00,142.1999969482422,142.33999633789062,142.13999938964844,142.33999633789062,,21611.0
2022-10-26 15:30:00-04:00,142.3000030517578,142.69000244140625,142.2899932861328,142.61000061035156,,38672.0
2022-10-26 15:31:00-04:00,142.6300048828125,143.05999755859375,142.6300048828125,142.92190551757812,,41919.0
2022-10-26 15:32:00-04:00,142.94000244140625,143.16000366210938,142.875,143.16000366210938,,14589.0
2022-10-26 15:33:00-04:00,143.16000366210938,143.32000732421875,143.02000427246094,143.02000427246094,,23232.0
2022-10-26 15:34:00-04:00,143.00999450683594,143.02000427246094,142.8800048828125,142.92999267578125,,29974.0
2022-10-26 15:35:00-04:00,142.94000244140625,142.94000244140625,142.67999267578125,142.86000061035156,,15285.0
2022-10-26 15:36:00-04:00,142.86000061035156,142.86000061035156,142.72999572753906,142.72999572753906,,13099.0
2022-10-26 15:37:00-04:00,142.75,143.02999877929688,142.75,143.0,,42789.0
2022-10-26 15:38:00-04:00,143.0,143.25,143.0,143.0050048828125,,34491.0
2022-10-26 15:39:00-04:00,143.0050048828125,143.05999755859375,142.94500732421875,143.03500366210938,,11270.0
2022-10-26 15:40:00-04:00,143.03500366210938,143.0850067138672,143.0,143.0406951904297,,7896.0
2022-10-26 15:41:00-04:00,143.02999877929688,143.1199951171875,142.97999572753906,143.0399932861328,,17703.0
2022-10-26 15:42:00-04:00,143.0,143.08999633789062,142.9600067138672,143.02499389648438,,12581.0
2022-10-26 15:43:00-04:00,143.02499389648438,143.2288055419922,143.0095977783203,143.2288055419922,,15114.0
2022-10-26 15:44:00-04:00,143.25,143.25,142.96499633789062,143.02999877929688,,31195.0
2022-10-26 15:45:00-04:00,143.0500030517578,143.1721954345703,143.01010131835938,143.1649932861328,,14443.0
2022-10-26 15:46:00-04:00,143.1649932861328,143.1999969482422,142.92999267578125,142.92999267578125,,18061.0
2022-10-26 15:47:00-04:00,142.9600067138672,143.13999938964844,142.9600067138672,142.96499633789062,,14479.0
2022-10-26 15:48:00-04:00,142.92999267578125,142.9499969482422,142.6300048828125,142.6300048828125,,14973.0
2022-10-26 15:49:00-04:00,142.6457977294922,142.7100067138672,142.50999450683594,142.55999755859375,,23951.0
2022-10-26 15:50:00-04:00,142.50999450683594,142.60000610351562,142.33999633789062,142.33999633789062,,14290.0
2022-10-26 15:51:00-04:00,142.33999633789062,142.5,142.3300018310547,142.3699951171875,,20606.0
2022-10-26 15:52:00-04:00,142.4199981689453,142.63079833984375,142.39500427246094,142.58999633789062,,28463.0
2022-10-26 15:53:00-04:00,142.58999633789062,142.6300048828125,142.39999389648438,142.47999572753906,,23384.0
2022-10-26 15:54:00-04:00,142.4499969482422,142.5,142.3000030517578,142.4149932861328,,35690.0
2022-10-26 15:55:00-04:00,142.3800048828125,142.4499969482422,142.2100067138672,142.25999450683594,,50871.0
2022-10-26 15:56:00-04:00,142.27000427246094,142.30999755859375,142.13999938964844,142.14999389648438,,36897.0
2022-10-26 15:57:00-04:00,142.1750030517578,142.1999969482422,142.00999450683594,142.0500030517578,,46274.0
2022-10-26 15:58:00-04:00,142.06500244140625,142.08999633789062,141.93499755859375,141.94500732421875,,70736.0
2022-10-26 15:59:00-04:00,141.9499969482422,142.0500030517578,141.89999389648438,142.0,,117044.0
2022-10-27 09:30:00-04:00,143.3800048828125,144.09689331054688,142.8350067138672,143.92990112304688,,146058.0
2022-10-27 09:31:00-04:00,143.48500061035156,144.02999877929688,143.13319396972656,143.25,,12475.0
2022-10-27 09:33:00-04:00,142.02000427246094,142.10000610351562,141.08999633789062,141.1999969482422,,54165.0
2022-10-27 09:34:00-04:00,141.22000122070312,141.72999572753906,141.22000122070312,141.72999572753906,,20828.0
2022-10-27 09:35:00-04:00,142.1844024658203,142.1844024658203,141.66510009765625,141.74000549316406,,13581.0
2022-10-27 09:36:00-04:00,142.0,142.0,141.13999938964844,141.13999938964844,,12161.0
2022-10-27 09:37:00-04:00,142.08999633789062,142.21839904785156,141.94000244140625,141.94000244140625,,14763.0
2022-10-27 09:38:00-04:00,142.0,142.7100067138672,141.97000122070312,142.27499389648438,,13573.0
2022-10-27 09:39:00-04:00,142.08999633789062,142.2899932861328,142.08999633789062,142.13999938964844,,10578.0
2022-10-27 09:40:00-04:00,141.42999267578125,141.63949584960938,141.27999877929688,141.60000610351562,,16686.0
2022-10-27 09:41:00-04:00,141.86000061035156,141.86000061035156,141.72999572753906,141.72999572753906,,11599.0
2022-10-27 09:42:00-04:00,141.83999633789062,141.99000549316406,141.7324981689453,141.97999572753906,,13274.0
2022-10-27 09:43:00-04:00,143.08999633789062,143.08999633789062,142.58999633789062,143.08999633789062,,12558.0
2022-10-27 09:44:00-04:00,142.67999267578125,143.3000030517578,142.67999267578125,143.14999389648438,,13989.0
2022-10-27 09:45:00-04:00,143.5,143.62989807128906,143.46499633789062,143.62989807128906,,30103.0
2022-10-27 09:46:00-04:00,143.39149475097656,143.39149475097656,142.89999389648438,143.1649932861328,,11413.0
2022-10-27 09:47:00-04:00,143.20750427246094,143.3227996826172,142.94000244140625,143.0749969482422,,25430.0
2022-10-27 09:48:00-04:00,142.82000732421875,143.10000610351562,142.47999572753906,142.99000549316406,,13816.0
2022-10-27 09:49:00-04:00,143.0198974609375,143.69000244140625,142.9600067138672,143.47500610351562,,23286.0
2022-10-27 09:50:00-04:00,143.54220581054688,143.63999938964844,142.82000732421875,142.82000732421875,,29880.0
2022-10-27 09:51:00-04:00,142.73500061035156,143.05999755859375,142.61000061035156,142.72500610351562,,17330.0
2022-10-27 09:52:00-04:00,142.8000030517578,143.10499572753906,142.5800018310547,142.9499969482422,,14030.0
2022-10-27 09:53:00-04:00,142.94000244140625,142.9499969482422,142.16000366210938,142.25999450683594,,20402.0
2022-10-27 09:54:00-04:00,142.27650451660156,142.6199951171875,142.1699981689453,142.6199951171875,,11178.0
2022-10-27 09:55:00-04:00,142.52699279785156,142.8300018310547,142.17999267578125,142.3249969482422,,30071.0
2022-10-27 09:56:00-04:00,142.32000732421875,142.47000122070312,141.9199981689453,142.27999877929688,,13487.0
2022-10-27 09:57:00-04:00,142.08009338378906,142.3975067138672,142.07000732421875,142.30999755859375,,16258.0
2022-10-27 09:58:00-04:00,142.3699951171875,142.7100067138672,142.30999755859375,142.447998046875,,18745.0
2022-10-27 09:59:00-04:00,142.4149932861328,142.72999572753906,142.2899932861328,142.38999938964844,,12720.0
2022-10-27 10:00:00-04:00,142.57000732421875,143.0,142.39999389648438,142.7100067138672,,20100.0
2022-10-27 10:01:00-04:00,142.7100067138672,142.78990173339844,142.2899932861328,142.50999450683594,,19901.0
2022-10-27 10:02:00-04:00,142.59500122070312,142.8300018310547,142.4199981689453,142.4499969482422,,14176.0
2022-10-27 10:03:00-04:00,142.38999938964844,142.75,142.30999755859375,142.6923065185547,,14446.0
2022-10-27 10:04:00-04:00,142.69000244140625,143.0800018310547,142.60000610351562,142.97999572753906,,8658.0
2022-10-27 10:05:00-04:00,143.0800018310547,143.58999633789062,143.0800018310547,143.26499938964844,,12558.0
2022-10-27 10:06:00-04:00,143.25999450683594,144.13999938964844,143.25999450683594,143.99000549316406,,10771.0
2022-10-27 10:07:00-04:00,144.0,144.0500030517578,143.4199981689453,143.52999877929688,,12069.0
2022-10-27 10:08:00-04:00,143.60499572753906,143.75,143.5399932861328,143.58450317382812,,8786.0
2022-10-27 10:09:00-04:00,143.72999572753906,144.0,143.6649932861328,143.98989868164062,,7131.0
2022-10-27 10:10:00-04:00,143.97079467773438,144.1300048828125,143.80999755859375,143.90499877929688,,19522.0
2022-10-27 10:11:00-04:00,143.97500610351562,144.32000732421875,143.72000122070312,144.22999572753906,,12981.0
2022-10-27 10:12:00-04:00,144.08999633789062,144.9600067138672,144.0500030517578,144.9600067138672,,15110.0
2022-10-27 10:13:00-04:00,144.97000122070312,145.61000061035156,144.82000732421875,145.49400329589844,,40357.0
2022-10-27 10:14:00-04:00,145.44000244140625,145.60499572753906,145.1573028564453,145.2899932861328,,11053.0
2022-10-27 10:15:00-04:00,145.35000610351562,145.5500030517578,145.09010314941406,145.5500030517578,,18872.0
2022-10-27 10:16:00-04:00,145.53500366210938,145.94590759277344,145.52000427246094,145.94590759277344,,13953.0
2022-10-27 10:17:00-04:00,145.8300018310547,146.25,145.60000610351562,146.13999938964844,,44276.0
2022-10-27 10:18:00-04:00,146.0800018310547,146.2324981689453,145.44009399414062,145.52000427246094,,24701.0
2022-10-27 10:19:00-04:00,145.57000732421875,145.8000030517578,145.57000732421875,145.7100067138672,,6110.0
2022-10-27 10:20:00-04:00,145.77000427246094,146.08999633789062,145.75010681152344,146.0800018310547,,19915.0
2022-10-27 10:21:00-04:00,146.07000732421875,146.1199951171875,145.7899932861328,145.94000244140625,,16165.0
2022-10-27 10:22:00-04:00,145.89500427246094,145.94700622558594,145.77000427246094,145.82000732421875,,24287.0
2022-10-27 10:23:00-04:00,145.7700958251953,146.11000061035156,145.7700958251953,145.8800048828125,,8717.0
2022-10-27 10:24:00-04:00,145.8000030517578,145.90989685058594,145.0500030517578,145.2100067138672,,32265.0
2022-10-27 10:25:00-04:00,145.2050018310547,145.64999389648438,145.2050018310547,145.5478057861328,,10114.0
2022-10-27 10:26:00-04:00,145.4499969482422,145.5399932861328,145.13999938964844,145.41000366210938,,22664.0
2022-10-27 10:27:00-04:00,145.40499877929688,145.41000366210938,144.9600067138672,144.9600067138672,,16316.0
2022-10-27 10:28:00-04:00,144.9600067138672,145.09750366210938,144.86000061035156,145.0399932861328,,9299.0
2022-10-27 10:29:00-04:00,145.0449981689453,145.16000366210938,144.98829650878906,145.13189697265625,,7028.0
2022-10-27 10:30:00-04:00,145.15499877929688,145.1699981689453,144.6999969482422,145.0500030517578,,24700.0
2022-10-27 10:31:00-04:00,145.14999389648438,145.24000549316406,145.0500030517578,145.0500030517578,,8765.0
2022-10-27 10:32:00-04:00,145.13999938964844,145.4600067138672,145.0552978515625,145.4600067138672,,9649.0
2022-10-27 10:33:00-04:00,145.47999572753906,145.5,145.1999969482422,145.32000732421875,,10499.0
2022-10-27 10:34:00-04:00,145.27999877929688,145.2899932861328,144.91000366210938,144.9199981689453,,5931.0
2022-10-27 10:35:00-04:00,144.8699951171875,144.91000366210938,144.6699981689453,144.67999267578125,,4838.0
2022-10-27 10:36:00-04:00,144.69000244140625,144.69000244140625,144.05999755859375,144.14999389648438,,13101.0
2022-10-27 10:37:00-04:00,144.04150390625,144.1199951171875,143.5399932861328,143.5399932861328,,4784.0
2022-10-27 10:38:00-04:00,143.4929962158203,144.0399932861328,143.4001007080078,144.0,,7753.0
2022-10-27 10:39:00-04:00,144.0,144.02999877929688,143.77999877929688,144.02999877929688,,7136.0
2022-10-27 10:40:00-04:00,144.0050048828125,144.0050048828125,143.6999969482422,143.92999267578125,,6443.0
2022-10-27 10:41:00-04:00,143.85000610351562,143.88999938964844,143.7301025390625,143.7301025390625,,2411.0
2022-10-27 10:42:00-04:00,143.74000549316406,143.80999755859375,143.41000366210938,143.52000427246094,,8216.0
2022-10-27 10:43:00-04:00,143.38999938964844,143.4600067138672,143.09010314941406,143.4600067138672,,8239.0
2022-10-27 10:44:00-04:00,143.44500732421875,143.44500732421875,143.08999633789062,143.25,,7160.0
2022-10-27 10:45:00-04:00,143.3000030517578,143.52999877929688,143.1699981689453,143.3000030517578,,11105.0
2022-10-27 10:46:00-04:00,143.24000549316406,143.60000610351562,143.2100067138672,143.60000610351562,,7875.0
2022-10-27 10:47:00-04:00,143.64999389648438,143.98989868164062,143.4600067138672,143.7899932861328,,19244.0
2022-10-27 10:48:00-04:00,143.7899932861328,143.83999633789062,143.30999755859375,143.72999572753906,,10716.0
2022-10-27 10:49:00-04:00,143.82000732421875,144.1199951171875,143.82000732421875,144.11000061035156,,15209.0
2022-10-27 10:50:00-04:00,144.08700561523438,144.3350067138672,144.01499938964844,144.19500732421875,,9627.0
2022-10-27 10:51:00-04:00,144.2550048828125,144.25999450683594,143.85000610351562,144.0,,10767.0
2022-10-27 10:52:00-04:00,143.9600067138672,144.06500244140625,143.86000061035156,144.02999877929688,,5988.0
2022-10-27 10:53:00-04:00,144.02999877929688,144.02999877929688,143.97000122070312,143.99000549316406,,1504.0
2022-10-27 10:54:00-04:00,143.7209930419922,143.8000030517578,143.7209930419922,143.8000030517578,,23041.0
2022-10-27 10:55:00-04:00,143.72000122070312,143.82000732421875,143.52000427246094,143.72999572753906,,11187.0
2022-10-27 10:56:00-04:00,143.75,143.8699951171875,143.6300048828125,143.82040405273438,,6837.0
2022-10-27 10:57:00-04:00,143.8699951171875,144.02999877929688,143.8000030517578,143.85000610351562,,8989.0
2022-10-27 10:58:00-04:00,143.8000030517578,143.91990661621094,143.52000427246094,143.60009765625,,8402.0
2022-10-27 10:59:00-04:00,143.60000610351562,143.6199951171875,143.2205047607422,143.4199981689453,,15207.0
2022-10-27 11:00:00-04:00,143.44000244140625,143.44000244140625,143.0594024658203,143.1699981689453,,5656.0
2022-10-27 11:01:00-04:00,143.25,143.97999572753906,143.25,143.92999267578125,,7469.0
2022-10-27 11:02:00-04:00,143.86000061035156,143.86000061035156,143.6300048828125,143.6300048828125,,3360.0
2022-10-27 11:03:00-04:00,143.83999633789062,143.9199981689453,143.66000366210938,143.75,,5550.0
2022-10-27 11:04:00-04:00,143.61000061035156,143.80999755859375,143.55999755859375,143.74000549316406,,4370.0
2022-10-27 11:05:00-04:00,143.6999969482422,143.904296875,143.69000244140625,143.904296875,,5333.0
2022-10-27 11:06:00-04:00,143.84759521484375,144.05999755859375,143.83999633789062,144.05999755859375,,7174.0
2022-10-27 11:07:00-04:00,144.00999450683594,144.17250061035156,143.97000122070312,144.17250061035156,,4693.0
2022-10-27 11:08:00-04:00,144.07000732421875,144.11000061035156,143.875,144.10000610351562,,11431.0
2022-10-27 11:09:00-04:00,144.1699981689453,144.3000030517578,144.10000610351562,144.16380310058594,,11326.0
2022-10-27 11:10:00-04:00,144.1199951171875,144.2899932861328,144.1199951171875,144.13999938964844,,7297.0
2022-10-27 11:11:00-04:00,144.26499938964844,144.26499938964844,143.82000732421875,143.82000732421875,,7212.0
2022-10-27 11:12:00-04:00,143.77999877929688,143.97999572753906,143.57000732421875,143.67999267578125,,6616.0
2022-10-27 11:13:00-04:00,143.89500427246094,143.89500427246094,143.77000427246094,143.8300018310547,,3208.0
2022-10-27 11:14:00-04:00,143.92990112304688,143.97999572753906,143.8350067138672,143.94500732421875,,2404.0
2022-10-27 11:15:00-04:00,144.0,144.19000244140625,143.86000061035156,143.875,,9065.0
2022-10-27 11:16:00-04:00,143.8000030517578,143.8699951171875,143.52999877929688,143.8699951171875,,7832.0
2022-10-27 11:17:00-04:00,143.8350067138672,143.92999267578125,143.66000366210938,143.75,,6493.0
2022-10-27 11:18:00-04:00,143.64999389648438,143.71290588378906,143.4199981689453,143.44000244140625,,3071.0
2022-10-27 11:19:00-04:00,143.44000244140625,143.6999969482422,143.44000244140625,143.6999969482422,,3661.0
2022-10-27 11:20:00-04:00,143.6300048828125,143.9499969482422,143.6199951171875,143.88999938964844,,4318.0
2022-10-27 11:21:00-04:00,143.9499969482422,143.9499969482422,143.78500366210938,143.78500366210938,,2574.0
2022-10-27 11:22:00-04:00,143.83999633789062,144.0,143.7899932861328,143.9550018310547,,5249.0
2022-10-27 11:23:00-04:00,144.0,144.0399932861328,143.8699951171875,143.8699951171875,,9643.0
2022-10-27 11:24:00-04:00,143.82000732421875,143.99000549316406,143.8000030517578,143.97999572753906,,5359.0
2022-10-27 11:25:00-04:00,144.0,144.05999755859375,143.77000427246094,143.91000366210938,,14497.0
2022-10-27 11:26:00-04:00,143.91000366210938,144.32980346679688,143.86000061035156,144.2899932861328,,18475.0
2022-10-27 11:27:00-04:00,144.3000030517578,144.32000732421875,144.13999938964844,144.16000366210938,,7865.0
2022-10-27 11:28:00-04:00,144.22999572753906,144.58999633789062,144.17999267578125,144.41000366210938,,8846.0
2022-10-27 11:29:00-04:00,144.5,144.6300048828125,144.418701171875,144.5749969482422,,5067.0
2022-10-27 11:30:00-04:00,144.5749969482422,144.5749969482422,144.30999755859375,144.49000549316406,,8791.0
2022-10-27 11:31:00-04:00,144.44000244140625,144.49000549316406,144.3000030517578,144.47999572753906,,8164.0
2022-10-27 11:32:00-04:00,144.5,145.0,144.4499969482422,145.0,,10847.0
2022-10-27 11:33:00-04:00,145.0399932861328,145.13330078125,145.00059509277344,145.1199951171875,,4854.0
2022-10-27 11:34:00-04:00,145.1199951171875,145.2100067138672,145.07000732421875,145.07000732421875,,9807.0
2022-10-27 11:35:00-04:00,145.1199951171875,145.41000366210938,145.08999633789062,145.3300018310547,,10167.0
2022-10-27 11:36:00-04:00,145.3350067138672,145.3350067138672,144.8300018310547,144.8300018310547,,11601.0
2022-10-27 11:37:00-04:00,144.83999633789062,144.92999267578125,144.80999755859375,144.9149932861328,,3111.0
2022-10-27 11:38:00-04:00,144.8000030517578,144.8000030517578,144.5,144.64500427246094,,4123.0
2022-10-27 11:39:00-04:00,144.77000427246094,145.07000732421875,144.74000549316406,145.02000427246094,,6557.0
2022-10-27 11:40:00-04:00,144.90499877929688,145.0,144.8000946044922,144.89999389648438,,2590.0
2022-10-27 11:41:00-04:00,144.99000549316406,145.02999877929688,144.80999755859375,144.88999938964844,,5909.0
2022-10-27 11:42:00-04:00,144.77000427246094,144.77000427246094,144.34129333496094,144.39999389648438,,3534.0
2022-10-27 11:43:00-04:00,144.32000732421875,144.33999633789062,143.57000732421875,143.6300048828125,,8851.0
2022-10-27 11:44:00-04:00,143.77999877929688,144.24000549316406,143.75,144.14999389648438,,5144.0
2022-10-27 11:45:00-04:00,144.13999938964844,144.27000427246094,143.83999633789062,144.0399932861328,,6348.0
2022-10-27 11:46:00-04:00,143.94000244140625,144.07110595703125,143.8300018310547,143.85000610351562,,3466.0
2022-10-27 11:47:00-04:00,143.91000366210938,144.14999389648438,143.91000366210938,144.14999389648438,,2227.0
2022-10-27 11:48:00-04:00,144.0800018310547,144.11000061035156,143.88980102539062,143.97000122070312,,6078.0
2022-10-27 11:49:00-04:00,143.86000061035156,144.0399932861328,143.85000610351562,144.0399932861328,,2987.0
2022-10-27 11:50:00-04:00,144.02000427246094,144.24000549316406,143.88999938964844,143.97500610351562,,9818.0
2022-10-27 11:51:00-04:00,143.80999755859375,143.80999755859375,143.5500030517578,143.5500030517578,,12197.0
2022-10-27 11:53:00-04:00,143.85499572753906,144.11000061035156,143.85499572753906,143.94839477539062,,5989.0
2022-10-27 11:54:00-04:00,144.0041961669922,144.10000610351562,143.50999450683594,143.80999755859375,,10273.0
2022-10-27 11:55:00-04:00,143.8800048828125,143.9499969482422,143.66000366210938,143.72000122070312,,3839.0
2022-10-27 11:56:00-04:00,143.72000122070312,143.72000122070312,143.3800048828125,143.61000061035156,,3149.0
2022-10-27 11:57:00-04:00,143.6699981689453,143.86000061035156,143.6699981689453,143.82000732421875,,3750.0
2022-10-27 11:58:00-04:00,143.8300018310547,143.83999633789062,143.5850067138672,143.63999938964844,,3687.0
2022-10-27 11:59:00-04:00,143.56930541992188,143.6999969482422,143.47999572753906,143.55999755859375,,13012.0
2022-10-27 12:00:00-04:00,143.5749969482422,143.89500427246094,143.5500030517578,143.89500427246094,,4427.0
2022-10-27 12:01:00-04:00,143.8699951171875,144.13499450683594,143.8699951171875,144.1300048828125,,1837.0
2022-10-27 12:02:00-04:00,144.07000732421875,144.16000366210938,144.05999755859375,144.11000061035156,,2795.0
2022-10-27 12:03:00-04:00,144.07000732421875,144.30999755859375,144.07000732421875,144.1699981689453,,2525.0
2022-10-27 12:04:00-04:00,144.0800018310547,144.2899932861328,144.0,144.02999877929688,,3981.0
2022-10-27 12:05:00-04:00,143.94500732421875,144.13999938964844,143.94500732421875,144.0500030517578,,5534.0
2022-10-27 12:06:00-04:00,144.1300048828125,144.22000122070312,144.0404052734375,144.07000732421875,,4270.0
2022-10-27 12:07:00-04:00,144.05999755859375,144.05999755859375,143.97999572753906,144.05999755859375,,414.0
2022-10-27 12:08:00-04:00,143.92999267578125,143.92999267578125,143.85000610351562,143.85000610351562,,6798.0
2022-10-27 12:09:00-04:00,143.77999877929688,143.9149932861328,143.77999877929688,143.9149932861328,,3120.0
2022-10-27 12:10:00-04:00,143.9149932861328,144.05999755859375,143.85000610351562,144.05999755859375,,4252.0
2022-10-27 12:11:00-04:00,143.9871063232422,144.1199951171875,143.90499877929688,144.1199951171875,,8562.0
2022-10-27 12:12:00-04:00,144.05999755859375,144.2449951171875,144.05999755859375,144.2449951171875,,1719.0
2022-10-27 12:13:00-04:00,144.10000610351562,144.10000610351562,144.08999633789062,144.09500122070312,,1992.0
2022-10-27 12:14:00-04:00,144.02000427246094,144.3300018310547,144.02000427246094,144.28500366210938,,6442.0
2022-10-27 12:15:00-04:00,144.28500366210938,144.3350067138672,144.07000732421875,144.07000732421875,,6159.0
2022-10-27 12:16:00-04:00,144.07000732421875,144.25999450683594,144.0399932861328,144.13999938964844,,3468.0
2022-10-27 12:17:00-04:00,144.2050018310547,144.2050018310547,144.16000366210938,144.16000366210938,,2924.0
2022-10-27 12:18:00-04:00,144.14500427246094,144.1999969482422,144.0800018310547,144.08999633789062,,6879.0
2022-10-27 12:19:00-04:00,144.00999450683594,144.00999450683594,143.67999267578125,143.77999877929688,,7788.0
2022-10-27 12:20:00-04:00,143.77450561523438,143.85000610351562,143.67999267578125,143.80999755859375,,4268.0
2022-10-27 12:21:00-04:00,143.85499572753906,143.85499572753906,143.64889526367188,143.64889526367188,,3404.0
2022-10-27 12:22:00-04:00,143.6999969482422,143.8300018310547,143.6699981689453,143.71499633789062,,3648.0
2022-10-27 12:23:00-04:00,143.76220703125,143.7899932861328,143.6875,143.7899932861328,,2612.0
2022-10-27 12:24:00-04:00,143.80999755859375,144.0449981689453,143.80999755859375,143.99000549316406,,4423.0
2022-10-27 12:25:00-04:00,143.99000549316406,144.03990173339844,143.94900512695312,144.03990173339844,,1609.0
2022-10-27 12:26:00-04:00,144.02999877929688,144.1300048828125,143.8699951171875,144.1300048828125,,6570.0
2022-10-27 12:27:00-04:00,144.09010314941406,144.10000610351562,143.9550018310547,143.9550018310547,,3241.0
2022-10-27 12:28:00-04:00,143.9550018310547,143.9550018310547,143.69000244140625,143.69000244140625,,2680.0
2022-10-27 12:29:00-04:00,143.7100067138672,143.72000122070312,143.61000061035156,143.61000061035156,,2457.0
2022-10-27 12:30:00-04:00,143.6199951171875,143.75999450683594,143.57000732421875,143.7449951171875,,7056.0
2022-10-27 12:31:00-04:00,143.99000549316406,144.0,143.89840698242188,144.0,,4991.0
2022-10-27 12:32:00-04:00,143.99000549316406,143.9949951171875,143.9199981689453,143.9600067138672,,2070.0
2022-10-27 12:33:00-04:00,144.0,144.11000061035156,144.0,144.11000061035156,,7474.0
2022-10-27 12:34:00-04:00,144.05999755859375,144.13499450683594,143.99000549316406,143.99000549316406,,3384.0
2022-10-27 12:35:00-04:00,143.96499633789062,143.99000549316406,143.82000732421875,143.84500122070312,,3255.0
2022-10-27 12:36:00-04:00,143.85000610351562,143.9499969482422,143.85000610351562,143.9499969482422,,3109.0
2022-10-27 12:37:00-04:00,143.89999389648438,143.92999267578125,143.77999877929688,143.77999877929688,,2887.0
2022-10-27 12:38:00-04:00,143.67999267578125,143.72999572753906,143.58999633789062,143.72999572753906,,3584.0
2022-10-27 12:39:00-04:00,143.78500366210938,143.85000610351562,143.76499938964844,143.85000610351562,,2676.0
2022-10-27 12:40:00-04:00,143.7899932861328,143.97000122070312,143.77000427246094,143.94000244140625,,4628.0
2022-10-27 12:41:00-04:00,143.97000122070312,144.02000427246094,143.88999938964844,143.9600067138672,,3996.0
2022-10-27 12:42:00-04:00,143.94000244140625,144.07000732421875,143.93499755859375,144.01499938964844,,5072.0
2022-10-27 12:43:00-04:00,143.9499969482422,143.97500610351562,143.8300018310547,143.91000366210938,,5522.0
2022-10-27 12:44:00-04:00,143.9199981689453,143.9499969482422,143.77999877929688,143.77999877929688,,3760.0
2022-10-27 12:45:00-04:00,143.7899932861328,143.7899932861328,143.49400329589844,143.6999969482422,,9077.0
2022-10-27 12:46:00-04:00,143.6750030517578,143.72000122070312,143.55999755859375,143.72000122070312,,3975.0
2022-10-27 12:47:00-04:00,143.75990295410156,143.83999633789062,143.7449951171875,143.7449951171875,,3284.0
2022-10-27 12:48:00-04:00,143.7449951171875,143.94000244140625,143.7449951171875,143.9149932861328,,4381.0
2022-10-27 12:49:00-04:00,143.8800048828125,143.97000122070312,143.82000732421875,143.97000122070312,,2784.0
2022-10-27 12:50:00-04:00,143.9499969482422,144.125,143.92999267578125,144.125,,4256.0
2022-10-27 12:51:00-04:00,144.07000732421875,144.0749969482422,144.02000427246094,144.05020141601562,,1854.0
2022-10-27 12:52:00-04:00,144.0500030517578,144.0500030517578,143.8300018310547,143.8300018310547,,3282.0
2022-10-27 12:53:00-04:00,143.77999877929688,143.88999938964844,143.6300048828125,143.8802032470703,,16207.0
2022-10-27 12:54:00-04:00,143.82000732421875,143.88499450683594,143.77000427246094,143.77000427246094,,4253.0
2022-10-27 12:55:00-04:00,143.8000030517578,143.88999938964844,143.72000122070312,143.75999450683594,,3718.0
2022-10-27 12:56:00-04:00,143.75,143.7550048828125,143.69000244140625,143.72000122070312,,1227.0
2022-10-27 12:57:00-04:00,143.72500610351562,143.80999755859375,143.67449951171875,143.75999450683594,,5874.0
2022-10-27 12:58:00-04:00,143.75999450683594,143.8000030517578,143.69000244140625,143.69000244140625,,2592.0
2022-10-27 12:59:00-04:00,143.75999450683594,143.88999938964844,143.6999969482422,143.80999755859375,,4891.0
2022-10-27 13:00:00-04:00,143.80999755859375,143.9149932861328,143.80999755859375,143.84500122070312,,1487.0
2022-10-27 13:01:00-04:00,143.86000061035156,144.0,143.7899932861328,143.7899932861328,,3306.0
2022-10-27 13:02:00-04:00,143.6199951171875,143.72999572753906,143.6199951171875,143.72999572753906,,1603.0
2022-10-27 13:03:00-04:00,143.72999572753906,143.7899932861328,143.5399932861328,143.7899932861328,,3368.0
2022-10-27 13:04:00-04:00,143.72500610351562,143.82000732421875,143.7100067138672,143.80999755859375,,3237.0
2022-10-27 13:05:00-04:00,143.85000610351562,143.94000244140625,143.82000732421875,143.94000244140625,,3105.0
2022-10-27 13:06:00-04:00,144.0,144.14999389648438,143.91000366210938,144.14999389648438,,4871.0
2022-10-27 13:07:00-04:00,144.1999969482422,144.25,144.16000366210938,144.25,,2902.0
2022-10-27 13:08:00-04:00,144.27999877929688,144.27999877929688,144.1038055419922,144.1699981689453,,3804.0
2022-10-27 13:09:00-04:00,144.1634063720703,144.4550018310547,144.1634063720703,144.4550018310547,,2728.0
2022-10-27 13:10:00-04:00,144.38999938964844,144.38999938964844,144.27000427246094,144.33999633789062,,1218.0
2022-10-27 13:11:00-04:00,144.22999572753906,144.24000549316406,144.22999572753906,144.24000549316406,,2885.0
2022-10-27 13:12:00-04:00,144.24000549316406,144.24000549316406,144.22000122070312,144.22999572753906,,2014.0
2022-10-27 13:13:00-04:00,144.22999572753906,144.2698974609375,144.1300048828125,144.16000366210938,,6089.0
2022-10-27 13:14:00-04:00,144.24000549316406,144.25,144.13999938964844,144.1649932861328,,2158.0
2022-10-27 13:15:00-04:00,144.25999450683594,144.35000610351562,144.16000366210938,144.1699981689453,,3700.0
2022-10-27 13:16:00-04:00,144.10000610351562,144.11000061035156,143.89999389648438,143.9499969482422,,4125.0
2022-10-27 13:17:00-04:00,143.93499755859375,144.25999450683594,143.93499755859375,144.1699981689453,,5291.0
2022-10-27 13:18:00-04:00,144.16000366210938,144.22500610351562,144.07000732421875,144.07000732421875,,1945.0
2022-10-27 13:19:00-04:00,144.13999938964844,144.13999938964844,144.13999938964844,144.13999938964844,,774.0
2022-10-27 13:20:00-04:00,144.27000427246094,144.32000732421875,144.27000427246094,144.32000732421875,,3927.0
2022-10-27 13:21:00-04:00,144.3800048828125,144.49270629882812,144.3350067138672,144.49270629882812,,2757.0
2022-10-27 13:22:00-04:00,144.5050048828125,144.50999450683594,144.42999267578125,144.42999267578125,,2629.0
2022-10-27 13:23:00-04:00,144.3491973876953,144.38119506835938,144.2899932861328,144.2899932861328,,1823.0
2022-10-27 13:24:00-04:00,144.27499389648438,144.39999389648438,144.24000549316406,144.33999633789062,,4684.0
2022-10-27 13:25:00-04:00,144.24000549316406,144.27999877929688,144.2100067138672,144.2100067138672,,2155.0
2022-10-27 13:26:00-04:00,144.2100067138672,144.2100067138672,144.05999755859375,144.08999633789062,,1705.0
2022-10-27 13:27:00-04:00,144.08999633789062,144.24000549316406,144.0,144.20989990234375,,11261.0
2022-10-27 13:28:00-04:00,144.11000061035156,144.19000244140625,144.05999755859375,144.14999389648438,,3327.0
2022-10-27 13:29:00-04:00,144.10499572753906,144.1999969482422,144.10000610351562,144.1999969482422,,4742.0
2022-10-27 13:30:00-04:00,144.11000061035156,144.16000366210938,144.08999633789062,144.16000366210938,,4517.0
2022-10-27 13:31:00-04:00,144.0800018310547,144.10000610351562,144.00999450683594,144.0500030517578,,3360.0
2022-10-27 13:32:00-04:00,144.0449981689453,144.0449981689453,143.75,143.8300018310547,,2734.0
2022-10-27 13:33:00-04:00,143.85000610351562,143.88999938964844,143.75,143.84500122070312,,2917.0
2022-10-27 13:34:00-04:00,143.8000030517578,143.88499450683594,143.6300048828125,143.6999969482422,,2835.0
2022-10-27 13:35:00-04:00,143.72000122070312,143.82000732421875,143.7100067138672,143.7100067138672,,1650.0
2022-10-27 13:36:00-04:00,143.77000427246094,143.8350067138672,143.75999450683594,143.8350067138672,,1398.0
2022-10-27 13:37:00-04:00,143.7899932861328,143.82000732421875,143.77999877929688,143.77999877929688,,1596.0
2022-10-27 13:38:00-04:00,143.83999633789062,143.94000244140625,143.83999633789062,143.94000244140625,,1852.0
2022-10-27 13:39:00-04:00,143.93499755859375,143.9600067138672,143.77999877929688,143.82000732421875,,6580.0
2022-10-27 13:40:00-04:00,143.8300018310547,143.86000061035156,143.7899932861328,143.86000061035156,,1387.0
2022-10-27 13:41:00-04:00,143.8800048828125,144.0800018310547,143.8800048828125,144.05999755859375,,4338.0
2022-10-27 13:42:00-04:00,144.0399932861328,144.16000366210938,144.0,144.10000610351562,,9108.0
2022-10-27 13:43:00-04:00,144.0500030517578,144.10000610351562,144.03359985351562,144.03359985351562,,1641.0
2022-10-27 13:44:00-04:00,144.0050048828125,144.0050048828125,144.0050048828125,144.0050048828125,,2189.0
2022-10-27 13:45:00-04:00,144.00999450683594,144.00999450683594,144.00999450683594,144.00999450683594,,100.0
2022-10-27 13:46:00-04:00,144.02000427246094,144.02999877929688,143.97999572753906,144.02999877929688,,10130.0
2022-10-27 13:47:00-04:00,143.97500610351562,143.97500610351562,143.89999389648438,143.90499877929688,,4872.0
2022-10-27 13:48:00-04:00,143.89999389648438,143.99000549316406,143.85000610351562,143.99000549316406,,4073.0
2022-10-27 13:49:00-04:00,144.00999450683594,144.00999450683594,143.97000122070312,144.0,,1514.0
2022-10-27 13:50:00-04:00,143.9499969482422,143.9499969482422,143.9199981689453,143.9199981689453,,285.0
2022-10-27 13:51:00-04:00,143.92999267578125,144.0050048828125,143.92999267578125,143.97999572753906,,1290.0
2022-10-27 13:52:00-04:00,143.97500610351562,143.97500610351562,143.8699951171875,143.9250030517578,,3883.0
2022-10-27 13:53:00-04:00,143.9600067138672,143.97999572753906,143.9199981689453,143.94500732421875,,1392.0
2022-10-27 13:54:00-04:00,143.94500732421875,143.97999572753906,143.89999389648438,143.9774932861328,,1547.0
2022-10-27 13:55:00-04:00,143.9550018310547,144.08999633789062,143.93490600585938,144.08999633789062,,7625.0
2022-10-27 13:56:00-04:00,144.07000732421875,144.10000610351562,143.8699951171875,143.89999389648438,,4546.0
2022-10-27 13:57:00-04:00,143.88999938964844,143.92999267578125,143.88999938964844,143.92999267578125,,2815.0
2022-10-27 13:58:00-04:00,143.91000366210938,143.91000366210938,143.82000732421875,143.8300018310547,,2196.0
2022-10-27 13:59:00-04:00,143.86000061035156,143.86000061035156,143.80880737304688,143.8350067138672,,1518.0
2022-10-27 14:00:00-04:00,143.83999633789062,143.89999389648438,143.8300018310547,143.89999389648438,,1550.0
2022-10-27 14:01:00-04:00,143.8300018310547,143.8300018310547,143.75,143.76499938964844,,3039.0
2022-10-27 14:02:00-04:00,143.83999633789062,143.83999633789062,143.83999633789062,143.83999633789062,,2244.0
2022-10-27 14:03:00-04:00,143.82000732421875,143.83999633789062,143.72000122070312,143.7899932861328,,2556.0
2022-10-27 14:04:00-04:00,143.7449951171875,143.83999633789062,143.7449951171875,143.83999633789062,,1356.0
2022-10-27 14:05:00-04:00,143.84500122070312,143.84500122070312,143.72129821777344,143.72129821777344,,2232.0
2022-10-27 14:06:00-04:00,143.77000427246094,143.8300018310547,143.7550048828125,143.80999755859375,,3455.0
2022-10-27 14:07:00-04:00,143.81500244140625,143.92999267578125,143.7899932861328,143.91000366210938,,5559.0
2022-10-27 14:08:00-04:00,143.94500732421875,143.94500732421875,143.89999389648438,143.89999389648438,,2207.0
2022-10-27 14:09:00-04:00,143.89999389648438,143.92999267578125,143.8800048828125,143.8800048828125,,2012.0
2022-10-27 14:10:00-04:00,143.8699951171875,143.92999267578125,143.60000610351562,143.61109924316406,,7700.0
2022-10-27 14:11:00-04:00,143.61000061035156,143.61000061035156,143.4600067138672,143.4965057373047,,5790.0
2022-10-27 14:12:00-04:00,143.4600067138672,143.6300048828125,143.4600067138672,143.61000061035156,,4336.0
2022-10-27 14:13:00-04:00,143.66000366210938,143.72500610351562,143.61000061035156,143.6300048828125,,3106.0
2022-10-27 14:14:00-04:00,143.66000366210938,143.66000366210938,143.61000061035156,143.6199951171875,,1582.0
2022-10-27 14:15:00-04:00,143.63999938964844,143.6699981689453,143.57000732421875,143.6300048828125,,2010.0
2022-10-27 14:16:00-04:00,143.6199951171875,143.66000366210938,143.57000732421875,143.63999938964844,,2757.0
2022-10-27 14:17:00-04:00,143.6699981689453,143.8800048828125,143.64999389648438,143.86000061035156,,9349.0
2022-10-27 14:18:00-04:00,143.9199981689453,143.9199981689453,143.80999755859375,143.8800048828125,,4347.0
2022-10-27 14:19:00-04:00,143.8800048828125,144.0050048828125,143.8800048828125,143.97000122070312,,3503.0
2022-10-27 14:20:00-04:00,143.99000549316406,143.99000549316406,143.85000610351562,143.86000061035156,,4502.0
2022-10-27 14:21:00-04:00,143.8800048828125,143.88999938964844,143.8699951171875,143.8791961669922,,1594.0
2022-10-27 14:22:00-04:00,143.89999389648438,143.97000122070312,143.88999938964844,143.97000122070312,,3285.0
2022-10-27 14:23:00-04:00,143.92999267578125,143.99020385742188,143.86000061035156,143.88499450683594,,3285.0
2022-10-27 14:24:00-04:00,143.85000610351562,143.9499969482422,143.85000610351562,143.9199981689453,,5704.0
2022-10-27 14:25:00-04:00,143.9550018310547,143.9550018310547,143.9499969482422,143.9499969482422,,1203.0
2022-10-27 14:26:00-04:00,143.92999267578125,143.92999267578125,143.77000427246094,143.82000732421875,,6097.0
2022-10-27 14:27:00-04:00,143.83999633789062,143.86000061035156,143.8300018310547,143.8350067138672,,1884.0
2022-10-27 14:28:00-04:00,143.8300018310547,143.86000061035156,143.8249969482422,143.8249969482422,,736.0
2022-10-27 14:29:00-04:00,143.82000732421875,143.9199981689453,143.82000732421875,143.8800048828125,,4530.0
2022-10-27 14:30:00-04:00,143.8699951171875,143.8699951171875,143.7899932861328,143.7899932861328,,1719.0
2022-10-27 14:31:00-04:00,143.74000549316406,143.75999450683594,143.6699981689453,143.6699981689453,,5191.0
2022-10-27 14:32:00-04:00,143.69400024414062,143.76499938964844,143.69400024414062,143.76499938964844,,1352.0
2022-10-27 14:33:00-04:00,143.80999755859375,143.8800048828125,143.77000427246094,143.8800048828125,,2685.0
2022-10-27 14:34:00-04:00,143.85009765625,143.93389892578125,143.85000610351562,143.8699951171875,,1925.0
2022-10-27 14:35:00-04:00,143.8699951171875,143.8699951171875,143.8300018310547,143.8350067138672,,1567.0
2022-10-27 14:36:00-04:00,143.7899932861328,143.8699951171875,143.7899932861328,143.8699951171875,,2546.0
2022-10-27 14:37:00-04:00,143.8800048828125,143.8800048828125,143.85000610351562,143.85000610351562,,770.0
2022-10-27 14:38:00-04:00,143.89999389648438,143.89999389648438,143.86500549316406,143.8699951171875,,1946.0
2022-10-27 14:39:00-04:00,143.83999633789062,143.86000061035156,143.7899932861328,143.7957000732422,,2963.0
2022-10-27 14:40:00-04:00,143.77000427246094,143.77000427246094,143.6199951171875,143.6649932861328,,3605.0
2022-10-27 14:41:00-04:00,143.67999267578125,143.8300018310547,143.6699981689453,143.82000732421875,,3897.0
2022-10-27 14:42:00-04:00,143.77999877929688,143.77999877929688,143.75999450683594,143.75999450683594,,1158.0
2022-10-27 14:43:00-04:00,143.75,143.76499938964844,143.6699981689453,143.6999969482422,,5218.0
2022-10-27 14:44:00-04:00,143.52499389648438,143.57749938964844,143.52499389648438,143.5749969482422,,1586.0
2022-10-27 14:45:00-04:00,143.61000061035156,143.6199951171875,143.5050048828125,143.5050048828125,,3067.0
2022-10-27 14:46:00-04:00,143.5399932861328,143.56500244140625,143.48500061035156,143.5,,3669.0
2022-10-27 14:47:00-04:00,143.5666961669922,143.60989379882812,143.5399932861328,143.5399932861328,,2113.0
2022-10-27 14:48:00-04:00,143.5399932861328,143.61000061035156,143.52999877929688,143.57000732421875,,2881.0
2022-10-27 14:49:00-04:00,143.52000427246094,143.55499267578125,143.5,143.52000427246094,,2610.0
2022-10-27 14:50:00-04:00,143.52000427246094,143.5800018310547,143.42999267578125,143.52999877929688,,14863.0
2022-10-27 14:51:00-04:00,143.49000549316406,143.6699981689453,143.49000549316406,143.61000061035156,,13856.0
2022-10-27 14:52:00-04:00,143.61000061035156,143.61000061035156,143.5,143.5,,1944.0
2022-10-27 14:53:00-04:00,143.49560546875,143.49560546875,143.3300018310547,143.39999389648438,,6625.0
2022-10-27 14:54:00-04:00,143.3699951171875,143.52499389648438,143.3699951171875,143.47000122070312,,2107.0
2022-10-27 14:55:00-04:00,143.44000244140625,143.4499969482422,143.30999755859375,143.33999633789062,,1914.0
2022-10-27 14:56:00-04:00,143.3300018310547,143.37989807128906,143.10000610351562,143.27999877929688,,8267.0
2022-10-27 14:57:00-04:00,143.27999877929688,143.32000732421875,143.23500061035156,143.23500061035156,,3318.0
2022-10-27 14:58:00-04:00,143.1199951171875,143.13999938964844,143.10000610351562,143.10000610351562,,2328.0
2022-10-27 14:59:00-04:00,143.0850067138672,143.3800048828125,143.0850067138672,143.3502960205078,,6235.0
2022-10-27 15:00:00-04:00,143.34500122070312,143.72000122070312,143.34500122070312,143.63499450683594,,18078.0
2022-10-27 15:01:00-04:00,143.60499572753906,143.78819274902344,143.60499572753906,143.78819274902344,,3518.0
2022-10-27 15:02:00-04:00,143.72999572753906,143.8000030517578,143.6199951171875,143.8000030517578,,5222.0
2022-10-27 15:03:00-04:00,143.67999267578125,143.8699951171875,143.6699981689453,143.8699951171875,,3542.0
2022-10-27 15:04:00-04:00,143.8249969482422,144.0,143.77499389648438,144.0,,11320.0
2022-10-27 15:05:00-04:00,143.97000122070312,144.0,143.89999389648438,143.93499755859375,,4542.0
2022-10-27 15:06:00-04:00,143.88999938964844,143.91949462890625,143.6750030517578,143.6750030517578,,3076.0
2022-10-27 15:07:00-04:00,143.6999969482422,143.6999969482422,143.55499267578125,143.55499267578125,,3783.0
2022-10-27 15:08:00-04:00,143.55999755859375,143.55999755859375,143.4600067138672,143.47999572753906,,8012.0
2022-10-27 15:09:00-04:00,143.1999969482422,143.1999969482422,143.10009765625,143.16000366210938,,7152.0
2022-10-27 15:10:00-04:00,143.2100067138672,143.38099670410156,143.16000366210938,143.36000061035156,,7746.0
2022-10-27 15:11:00-04:00,143.41000366210938,143.52999877929688,143.37750244140625,143.41000366210938,,6011.0
2022-10-27 15:12:00-04:00,143.4149932861328,143.55999755859375,143.4149932861328,143.55999755859375,,4028.0
2022-10-27 15:13:00-04:00,143.5800018310547,143.7899932861328,143.5800018310547,143.77999877929688,,5327.0
2022-10-27 15:14:00-04:00,143.77999877929688,144.00999450683594,143.77000427246094,144.0,,14054.0
2022-10-27 15:15:00-04:00,143.98500061035156,144.27999877929688,143.94000244140625,144.17990112304688,,21170.0
2022-10-27 15:16:00-04:00,144.22000122070312,144.39999389648438,144.22000122070312,144.29849243164062,,4373.0
2022-10-27 15:17:00-04:00,144.3000030517578,144.4199981689453,144.3000030517578,144.32000732421875,,9112.0
2022-10-27 15:18:00-04:00,144.4250030517578,144.5,144.3800048828125,144.47999572753906,,7462.0
2022-10-27 15:19:00-04:00,144.48500061035156,144.5500030517578,144.39999389648438,144.44000244140625,,9807.0
2022-10-27 15:20:00-04:00,144.4199981689453,144.50999450683594,144.3511962890625,144.49000549316406,,10926.0
2022-10-27 15:21:00-04:00,144.49000549316406,144.60000610351562,144.47999572753906,144.52000427246094,,4772.0
2022-10-27 15:22:00-04:00,144.5050048828125,144.61000061035156,144.5050048828125,144.61000061035156,,6863.0
2022-10-27 15:23:00-04:00,144.64999389648438,144.64999389648438,144.49000549316406,144.57000732421875,,6240.0
2022-10-27 15:24:00-04:00,144.55499267578125,144.64500427246094,144.5500030517578,144.5500030517578,,6267.0
2022-10-27 15:25:00-04:00,144.49000549316406,144.5500030517578,144.26499938964844,144.26499938964844,,7299.0
2022-10-27 15:26:00-04:00,144.2010955810547,144.27999877929688,144.16000366210938,144.26499938964844,,6169.0
2022-10-27 15:27:00-04:00,144.25999450683594,144.2899932861328,144.22999572753906,144.2899932861328,,2124.0
2022-10-27 15:28:00-04:00,144.33999633789062,144.4550018310547,144.33999633789062,144.4550018310547,,6712.0
2022-10-27 15:29:00-04:00,144.4882049560547,144.61000061035156,144.47000122070312,144.61000061035156,,17600.0
2022-10-27 15:30:00-04:00,144.63999938964844,144.6699981689453,144.30999755859375,144.57000732421875,,20033.0
2022-10-27 15:31:00-04:00,144.66000366210938,144.77999877929688,144.64999389648438,144.75660705566406,,7197.0
2022-10-27 15:32:00-04:00,144.66009521484375,144.80999755859375,144.66009521484375,144.77999877929688,,4529.0
2022-10-27 15:33:00-04:00,144.81500244140625,144.84959411621094,144.61000061035156,144.6199951171875,,3810.0
2022-10-27 15:34:00-04:00,144.625,144.66000366210938,144.57000732421875,144.58079528808594,,3949.0
2022-10-27 15:35:00-04:00,144.57000732421875,144.57000732421875,144.4600067138672,144.4600067138672,,6467.0
2022-10-27 15:36:00-04:00,144.47999572753906,144.50999450683594,144.33999633789062,144.47000122070312,,15530.0
2022-10-27 15:37:00-04:00,144.5,144.55999755859375,144.4199981689453,144.49000549316406,,15151.0
2022-10-27 15:38:00-04:00,144.47999572753906,144.52000427246094,144.4499969482422,144.52000427246094,,4394.0
2022-10-27 15:39:00-04:00,144.57000732421875,144.57000732421875,144.32000732421875,144.32000732421875,,11931.0
2022-10-27 15:40:00-04:00,144.32000732421875,144.42999267578125,144.2899932861328,144.40499877929688,,8683.0
2022-10-27 15:41:00-04:00,144.4001007080078,144.4600067138672,144.38999938964844,144.4600067138672,,10458.0
2022-10-27 15:42:00-04:00,144.47999572753906,144.47999572753906,144.39999389648438,144.41000366210938,,7939.0
2022-10-27 15:43:00-04:00,144.4199981689453,144.52999877929688,144.39999389648438,144.39999389648438,,11793.0
2022-10-27 15:44:00-04:00,144.38999938964844,144.47999572753906,144.36000061035156,144.42999267578125,,8418.0
2022-10-27 15:45:00-04:00,144.4199981689453,144.4199981689453,144.39999389648438,144.40499877929688,,3969.0
2022-10-27 15:46:00-04:00,144.47500610351562,144.47500610351562,144.38999938964844,144.4199981689453,,21963.0
2022-10-27 15:47:00-04:00,144.41000366210938,144.49000549316406,144.2899932861328,144.2899932861328,,13864.0
2022-10-27 15:48:00-04:00,144.25999450683594,144.47000122070312,144.24000549316406,144.4499969482422,,15232.0
2022-10-27 15:49:00-04:00,144.39999389648438,144.5,144.39999389648438,144.4600067138672,,5349.0
2022-10-27 15:50:00-04:00,144.4600067138672,144.50999450683594,144.22999572753906,144.22999572753906,,21496.0
2022-10-27 15:51:00-04:00,144.2100067138672,144.24000549316406,144.12530517578125,144.18499755859375,,14740.0
2022-10-27 15:52:00-04:00,144.18499755859375,144.18499755859375,144.0500030517578,144.13999938964844,,14870.0
2022-10-27 15:53:00-04:00,144.1199951171875,144.2100067138672,144.09500122070312,144.1300048828125,,19704.0
2022-10-27 15:54:00-04:00,144.14999389648438,144.17999267578125,143.91000366210938,144.0,,18959.0
2022-10-27 15:55:00-04:00,144.02000427246094,144.16000366210938,144.00999450683594,144.10000610351562,,26195.0
2022-10-27 15:56:00-04:00,144.0800018310547,144.25999450683594,144.07000732421875,144.17999267578125,,29968.0
2022-10-27 15:57:00-04:00,144.1649932861328,144.22000122070312,144.05999755859375,144.05999755859375,,30598.0
2022-10-27 15:58:00-04:00,144.0500030517578,144.11000061035156,143.9600067138672,143.96499633789062,,31243.0
2022-10-27 15:59:00-04:00,143.97000122070312,144.1300048828125,143.94000244140625,144.02999877929688,,103723.0
2022-10-28 09:30:00-04:00,142.83999633789062,144.75999450683594,142.83999633789062,143.42999267578125,,108433.0
2022-10-28 09:31:00-04:00,143.42999267578125,143.75,143.00999450683594,143.69000244140625,,8114.0
2022-10-28 09:32:00-04:00,143.91000366210938,144.1300048828125,143.85000610351562,143.9250030517578,,17719.0
2022-10-28 09:33:00-04:00,143.8520965576172,144.22999572753906,143.25,144.22999572753906,,11370.0
2022-10-28 09:34:00-04:00,143.92999267578125,144.07000732421875,143.6199951171875,143.6199951171875,,2488.0
2022-10-28 09:35:00-04:00,143.5,143.7364044189453,143.33999633789062,143.375,,17812.0
2022-10-28 09:36:00-04:00,143.375,143.375,143.1999969482422,143.35000610351562,,2708.0
2022-10-28 09:37:00-04:00,143.5399932861328,143.58999633789062,143.4499969482422,143.4499969482422,,20190.0
2022-10-28 09:38:00-04:00,144.0,144.6699981689453,144.0,144.2899932861328,,7210.0
2022-10-28 09:39:00-04:00,144.10000610351562,144.42999267578125,143.88450622558594,144.1699981689453,,14120.0
2022-10-28 09:40:00-04:00,144.33999633789062,144.8800048828125,144.33999633789062,144.8800048828125,,8343.0
2022-10-28 09:41:00-04:00,144.39500427246094,144.58999633789062,144.2906951904297,144.58999633789062,,5949.0
2022-10-28 09:42:00-04:00,144.25,144.88999938964844,143.91000366210938,144.889892578125,,23698.0
2022-10-28 09:43:00-04:00,145.25,145.61000061035156,145.19000244140625,145.25,,23132.0
2022-10-28 09:44:00-04:00,145.05999755859375,145.1699981689453,145.05999755859375,145.0800018310547,,9019.0
2022-10-28 09:45:00-04:00,145.25,145.5800018310547,145.1300048828125,145.4600067138672,,16518.0
2022-10-28 09:46:00-04:00,145.0,145.0,145.0,145.0,,9615.0
2022-10-28 09:47:00-04:00,144.75,145.102294921875,144.75,145.102294921875,,6312.0
2022-10-28 09:48:00-04:00,145.5,145.69000244140625,145.5,145.53500366210938,,14241.0
2022-10-28 09:49:00-04:00,146.17999267578125,146.17999267578125,145.6999969482422,145.6999969482422,,23842.0
2022-10-28 09:50:00-04:00,145.33999633789062,145.63999938964844,145.33999633789062,145.63999938964844,,8153.0
2022-10-28 09:51:00-04:00,145.86000061035156,146.27999877929688,145.86000061035156,146.27999877929688,,16092.0
2022-10-28 09:52:00-04:00,146.33999633789062,146.49000549316406,146.19000244140625,146.19000244140625,,17851.0
2022-10-28 09:53:00-04:00,146.1562957763672,146.6699981689453,146.1092071533203,146.6699981689453,,13192.0
2022-10-28 09:54:00-04:00,146.75,147.07000732421875,146.75,146.80999755859375,,22859.0
2022-10-28 09:55:00-04:00,147.30499267578125,147.41250610351562,146.75,147.30799865722656,,52961.0
2022-10-28 09:56:00-04:00,146.75,146.83999633789062,146.57229614257812,146.82550048828125,,9753.0
2022-10-28 09:57:00-04:00,146.6300048828125,147.0854949951172,146.6300048828125,147.0854949951172,,10274.0
2022-10-28 09:58:00-04:00,146.92999267578125,147.1699981689453,146.75999450683594,146.99000549316406,,17173.0
2022-10-28 09:59:00-04:00,146.8000030517578,147.07989501953125,146.6699981689453,146.72000122070312,,10539.0
2022-10-28 10:00:00-04:00,146.85000610351562,147.6999969482422,146.85000610351562,147.60220336914062,,22479.0
2022-10-28 10:01:00-04:00,147.5800018310547,147.9499969482422,147.4499969482422,147.8303985595703,,21578.0
2022-10-28 10:02:00-04:00,147.88999938964844,148.08050537109375,147.22999572753906,147.24000549316406,,31390.0
2022-10-28 10:03:00-04:00,147.32139587402344,147.5050048828125,147.0500030517578,147.34500122070312,,28645.0
2022-10-28 10:04:00-04:00,147.2899932861328,147.7899932861328,147.2899932861328,147.66009521484375,,12202.0
2022-10-28 10:05:00-04:00,147.7899932861328,147.97999572753906,147.42999267578125,147.5749969482422,,25031.0
2022-10-28 10:06:00-04:00,147.56370544433594,147.72000122070312,147.30299377441406,147.5800018310547,,17292.0
2022-10-28 10:07:00-04:00,147.57000732421875,147.6999969482422,147.3800048828125,147.5449981689453,,8038.0
2022-10-28 10:08:00-04:00,147.50999450683594,147.6300048828125,147.19000244140625,147.32000732421875,,16972.0
2022-10-28 10:09:00-04:00,147.24000549316406,147.63999938964844,147.17999267578125,147.6300048828125,,8574.0
2022-10-28 10:10:00-04:00,147.6649932861328,147.8300018310547,147.27000427246094,147.27499389648438,,18831.0
2022-10-28 10:11:00-04:00,147.27499389648438,147.36000061035156,146.35000610351562,146.35000610351562,,19859.0
2022-10-28 10:12:00-04:00,146.39999389648438,146.39999389648438,145.86000061035156,146.19500732421875,,15947.0
2022-10-28 10:13:00-04:00,146.16000366210938,146.4600067138672,146.16000366210938,146.36000061035156,,14634.0
2022-10-28 10:14:00-04:00,146.44000244140625,146.6699981689453,146.2899932861328,146.44000244140625,,10476.0
2022-10-28 10:15:00-04:00,146.55999755859375,146.8800048828125,146.55999755859375,146.8551025390625,,4620.0
2022-10-28 10:16:00-04:00,146.82000732421875,147.0,146.31190490722656,146.31190490722656,,10738.0
2022-10-28 10:17:00-04:00,146.5,146.85989379882812,146.5,146.61000061035156,,6109.0
2022-10-28 10:18:00-04:00,146.6365966796875,146.6999969482422,146.52000427246094,146.53500366210938,,8248.0
2022-10-28 10:19:00-04:00,146.6999969482422,146.89999389648438,146.42999267578125,146.5399932861328,,9697.0
2022-10-28 10:20:00-04:00,146.49000549316406,146.5800018310547,146.0,146.47999572753906,,7027.0
2022-10-28 10:21:00-04:00,146.58990478515625,146.58990478515625,146.3300018310547,146.55999755859375,,4471.0
2022-10-28 10:22:00-04:00,146.60000610351562,146.6300048828125,146.35000610351562,146.35000610351562,,4783.0
2022-10-28 10:23:00-04:00,146.39999389648438,146.64990234375,146.14999389648438,146.16000366210938,,7017.0
2022-10-28 10:24:00-04:00,146.0,146.1199951171875,145.84500122070312,145.93499755859375,,6044.0
2022-10-28 10:25:00-04:00,145.94500732421875,146.5050048828125,145.94500732421875,146.5050048828125,,7129.0
2022-10-28 10:26:00-04:00,146.44000244140625,147.1199951171875,146.44000244140625,147.0050048828125,,10926.0
2022-10-28 10:27:00-04:00,147.08999633789062,147.1999969482422,146.58999633789062,146.7100067138672,,8344.0
2022-10-28 10:28:00-04:00,146.74000549316406,146.89999389648438,146.7100067138672,146.82000732421875,,6257.0
2022-10-28 10:29:00-04:00,146.94000244140625,147.0,146.89999389648438,147.0,,2827.0
2022-10-28 10:30:00-04:00,147.0,147.27999877929688,146.83999633789062,147.25,,23275.0
2022-10-28 10:31:00-04:00,147.21539306640625,147.33999633789062,147.02000427246094,147.02000427246094,,4037.0
2022-10-28 10:32:00-04:00,146.89999389648438,147.1699981689453,146.8800048828125,147.1699981689453,,15936.0
2022-10-28 10:33:00-04:00,147.1999969482422,147.1999969482422,146.8000030517578,146.86000061035156,,16843.0
2022-10-28 10:34:00-04:00,146.80999755859375,146.8300018310547,146.25,146.39999389648438,,22775.0
2022-10-28 10:35:00-04:00,146.25,146.25,145.97000122070312,145.97000122070312,,1702.0
2022-10-28 10:36:00-04:00,146.11000061035156,146.22999572753906,145.9114990234375,145.91220092773438,,8093.0
2022-10-28 10:37:00-04:00,145.97669982910156,146.14999389648438,145.97669982910156,146.14999389648438,,1982.0
2022-10-28 10:38:00-04:00,146.13999938964844,146.3000030517578,146.00999450683594,146.14999389648438,,7724.0
2022-10-28 10:39:00-04:00,146.1999969482422,146.38999938964844,146.15499877929688,146.36000061035156,,7232.0
2022-10-28 10:40:00-04:00,146.27659606933594,146.5,146.27659606933594,146.30999755859375,,5805.0
2022-10-28 10:41:00-04:00,146.27239990234375,146.38999938964844,146.10000610351562,146.38999938964844,,11252.0
2022-10-28 10:42:00-04:00,146.32000732421875,146.57000732421875,146.32000732421875,146.57000732421875,,3541.0
2022-10-28 10:43:00-04:00,146.6024932861328,146.68130493164062,146.50999450683594,146.68130493164062,,3764.0
2022-10-28 10:44:00-04:00,146.67999267578125,146.75999450683594,146.55499267578125,146.55499267578125,,6184.0
2022-10-28 10:45:00-04:00,146.6199951171875,146.74000549316406,146.60000610351562,146.74000549316406,,5477.0
2022-10-28 10:46:00-04:00,146.74000549316406,146.7899932861328,146.55999755859375,146.7899932861328,,2828.0
2022-10-28 10:47:00-04:00,146.8000030517578,147.27999877929688,146.8000030517578,147.22000122070312,,9990.0
2022-10-28 10:48:00-04:00,147.22999572753906,147.49000549316406,147.22999572753906,147.4199981689453,,10735.0
2022-10-28 10:49:00-04:00,147.49000549316406,147.6199951171875,147.47000122070312,147.5500030517578,,5961.0
2022-10-28 10:50:00-04:00,147.60389709472656,147.63999938964844,147.4199981689453,147.4199981689453,,6657.0
2022-10-28 10:51:00-04:00,147.5,147.64999389648438,147.48500061035156,147.64999389648438,,2166.0
2022-10-28 10:52:00-04:00,147.6999969482422,147.79989624023438,147.6699981689453,147.79989624023438,,13328.0
2022-10-28 10:53:00-04:00,147.8000030517578,147.91000366210938,147.7100067138672,147.7100067138672,,10084.0
2022-10-28 10:54:00-04:00,147.6907958984375,147.80990600585938,147.39999389648438,147.57000732421875,,20494.0
2022-10-28 10:55:00-04:00,147.44000244140625,147.5500030517578,147.42999267578125,147.5,,6585.0
2022-10-28 10:56:00-04:00,147.48519897460938,147.49000549316406,147.0800018310547,147.14010620117188,,5842.0
2022-10-28 10:57:00-04:00,147.19000244140625,147.3300018310547,147.17849731445312,147.25,,5116.0
2022-10-28 10:58:00-04:00,147.30999755859375,147.42999267578125,147.14999389648438,147.3300018310547,,5606.0
2022-10-28 10:59:00-04:00,147.25999450683594,147.49000549316406,147.19000244140625,147.49000549316406,,3234.0
2022-10-28 11:00:00-04:00,147.5,147.6999969482422,147.5,147.6999969482422,,7513.0
2022-10-28 11:01:00-04:00,147.6199951171875,147.6300048828125,147.35000610351562,147.42999267578125,,6483.0
2022-10-28 11:02:00-04:00,147.38499450683594,147.47000122070312,147.28500366210938,147.28500366210938,,1492.0
2022-10-28 11:03:00-04:00,147.27000427246094,147.27000427246094,147.07000732421875,147.11500549316406,,2689.0
2022-10-28 11:04:00-04:00,147.17999267578125,147.38999938964844,147.1540069580078,147.19500732421875,,5727.0
2022-10-28 11:05:00-04:00,147.19000244140625,147.19000244140625,146.72000122070312,146.78990173339844,,4268.0
2022-10-28 11:06:00-04:00,146.7707977294922,146.7899932861328,146.5749969482422,146.5749969482422,,6543.0
2022-10-28 11:07:00-04:00,146.5500030517578,146.58999633789062,146.27999877929688,146.36000061035156,,5484.0
2022-10-28 11:08:00-04:00,146.3300018310547,146.42999267578125,146.3300018310547,146.42999267578125,,457.0
2022-10-28 11:09:00-04:00,146.47000122070312,146.47000122070312,146.4600067138672,146.4600067138672,,6044.0
2022-10-28 11:10:00-04:00,146.47999572753906,146.96499633789062,146.47999572753906,146.86000061035156,,16009.0
2022-10-28 11:11:00-04:00,146.8677978515625,146.8677978515625,146.7100067138672,146.8000030517578,,3116.0
2022-10-28 11:12:00-04:00,146.8000030517578,146.85000610351562,146.8000030517578,146.85000610351562,,2736.0
2022-10-28 11:13:00-04:00,146.75,146.77999877929688,146.67999267578125,146.6999969482422,,3415.0
2022-10-28 11:14:00-04:00,146.83999633789062,146.92990112304688,146.83999633789062,146.92990112304688,,2808.0
2022-10-28 11:15:00-04:00,146.88499450683594,146.88499450683594,146.72999572753906,146.8000030517578,,3712.0
2022-10-28 11:16:00-04:00,146.85000610351562,146.88999938964844,146.61000061035156,146.67999267578125,,5007.0
2022-10-28 11:17:00-04:00,146.63270568847656,146.76499938964844,146.61270141601562,146.6999969482422,,5726.0
2022-10-28 11:18:00-04:00,146.72500610351562,146.80999755859375,146.66009521484375,146.66009521484375,,5807.0
2022-10-28 11:19:00-04:00,146.8000030517578,146.8300018310547,146.66729736328125,146.6750030517578,,4635.0
2022-10-28 11:20:00-04:00,146.7100067138672,147.1999969482422,146.7100067138672,147.1999969482422,,6675.0
2022-10-28 11:21:00-04:00,147.27000427246094,147.3800048828125,147.11500549316406,147.1199951171875,,5644.0
2022-10-28 11:22:00-04:00,147.2100067138672,147.3000030517578,147.1199951171875,147.3000030517578,,4963.0
2022-10-28 11:23:00-04:00,147.28500366210938,147.3300018310547,147.22999572753906,147.28500366210938,,5762.0
2022-10-28 11:24:00-04:00,147.28500366210938,147.4600067138672,147.19500732421875,147.42999267578125,,10599.0
2022-10-28 11:25:00-04:00,147.44000244140625,147.5,147.27999877929688,147.33999633789062,,7503.0
2022-10-28 11:26:00-04:00,147.33999633789062,147.42999267578125,147.25999450683594,147.42999267578125,,4480.0
2022-10-28 11:27:00-04:00,147.35000610351562,147.38999938964844,147.30999755859375,147.35499572753906,,3676.0
2022-10-28 11:28:00-04:00,147.4600067138672,147.55499267578125,147.38999938964844,147.47000122070312,,6514.0
2022-10-28 11:29:00-04:00,147.47000122070312,147.5399932861328,147.41000366210938,147.5399932861328,,6540.0
2022-10-28 11:30:00-04:00,147.58999633789062,147.70460510253906,147.57000732421875,147.60000610351562,,6524.0
2022-10-28 11:31:00-04:00,147.55999755859375,147.94000244140625,147.5399932861328,147.83999633789062,,16837.0
2022-10-28 11:32:00-04:00,147.7949981689453,147.8699951171875,147.73959350585938,147.8000030517578,,4489.0
2022-10-28 11:33:00-04:00,147.72000122070312,147.74000549316406,147.44000244140625,147.60499572753906,,6321.0
2022-10-28 11:34:00-04:00,147.61000061035156,147.7100067138672,147.50999450683594,147.52999877929688,,3248.0
2022-10-28 11:35:00-04:00,147.5491943359375,147.57000732421875,147.46600341796875,147.53250122070312,,3906.0
2022-10-28 11:36:00-04:00,147.52999877929688,147.5364990234375,147.42999267578125,147.49000549316406,,2912.0
2022-10-28 11:37:00-04:00,147.42999267578125,147.5500030517578,147.39999389648438,147.5500030517578,,4921.0
2022-10-28 11:38:00-04:00,147.49000549316406,147.6199951171875,147.42999267578125,147.6199951171875,,6378.0
2022-10-28 11:39:00-04:00,147.57369995117188,147.7100067138672,147.56500244140625,147.64999389648438,,3636.0
2022-10-28 11:40:00-04:00,147.64999389648438,147.75,147.6300048828125,147.72000122070312,,7335.0
2022-10-28 11:41:00-04:00,147.72999572753906,147.8000030517578,147.70750427246094,147.7899932861328,,3824.0
2022-10-28 11:42:00-04:00,147.78460693359375,148.1094970703125,147.75999450683594,148.10000610351562,,21815.0
2022-10-28 11:43:00-04:00,148.11000061035156,148.17999267578125,148.02999877929688,148.02999877929688,,16966.0
2022-10-28 11:44:00-04:00,148.13999938964844,148.13999938964844,147.97000122070312,148.0142059326172,,5602.0
2022-10-28 11:45:00-04:00,147.9600067138672,148.02499389648438,147.9199981689453,147.9199981689453,,4508.0
2022-10-28 11:46:00-04:00,147.94000244140625,148.0399932861328,147.9149932861328,147.9149932861328,,7669.0
2022-10-28 11:47:00-04:00,147.9499969482422,147.9499969482422,147.63009643554688,147.63009643554688,,9511.0
2022-10-28 11:48:00-04:00,147.61000061035156,147.9499969482422,147.60000610351562,147.9499969482422,,7178.0
2022-10-28 11:49:00-04:00,147.9530029296875,147.9600067138672,147.8300018310547,147.92999267578125,,5299.0
2022-10-28 11:50:00-04:00,147.9499969482422,147.97999572753906,147.75999450683594,147.9149932861328,,4204.0
2022-10-28 11:51:00-04:00,147.92999267578125,148.0,147.9040069580078,147.94580078125,,9809.0
2022-10-28 11:52:00-04:00,147.99000549316406,148.0,147.86000061035156,147.86000061035156,,34054.0
2022-10-28 11:53:00-04:00,147.85499572753906,147.91000366210938,147.63999938964844,147.63999938964844,,5155.0
2022-10-28 11:54:00-04:00,147.64999389648438,147.66000366210938,147.39999389648438,147.39999389648438,,7861.0
2022-10-28 11:55:00-04:00,147.49000549316406,147.6300048828125,147.49000549316406,147.61000061035156,,3579.0
2022-10-28 11:56:00-04:00,147.58999633789062,147.66000366210938,147.52999877929688,147.5399932861328,,2904.0
2022-10-28 11:57:00-04:00,147.55999755859375,147.55999755859375,147.0,147.0800018310547,,23821.0
2022-10-28 11:58:00-04:00,147.13999938964844,147.13999938964844,147.0,147.00999450683594,,7179.0
2022-10-28 11:59:00-04:00,147.01010131835938,147.2100067138672,147.00999450683594,147.0399932861328,,9647.0
2022-10-28 12:00:00-04:00,147.02999877929688,147.3000030517578,147.02999877929688,147.10000610351562,,5816.0
2022-10-28 12:01:00-04:00,147.18499755859375,147.36000061035156,147.1300048828125,147.32000732421875,,3255.0
2022-10-28 12:02:00-04:00,147.3000030517578,147.52999877929688,147.3000030517578,147.47999572753906,,3507.0
2022-10-28 12:03:00-04:00,147.4600067138672,147.5,147.2899932861328,147.35000610351562,,6207.0
2022-10-28 12:04:00-04:00,147.35499572753906,147.52000427246094,147.27999877929688,147.27999877929688,,14597.0
2022-10-28 12:05:00-04:00,147.27000427246094,147.3000030517578,147.02000427246094,147.15989685058594,,10154.0
2022-10-28 12:06:00-04:00,147.11000061035156,147.1300048828125,147.00999450683594,147.0500030517578,,5789.0
2022-10-28 12:07:00-04:00,147.1300048828125,147.27000427246094,147.0800018310547,147.25999450683594,,3791.0
2022-10-28 12:08:00-04:00,147.38999938964844,147.64999389648438,147.3300018310547,147.64999389648438,,3781.0
2022-10-28 12:09:00-04:00,147.6699981689453,147.6699981689453,147.57000732421875,147.61000061035156,,2589.0
2022-10-28 12:10:00-04:00,147.58999633789062,147.7899932861328,147.5500030517578,147.66000366210938,,6209.0
2022-10-28 12:11:00-04:00,147.67999267578125,147.77000427246094,147.67999267578125,147.77000427246094,,2231.0
2022-10-28 12:12:00-04:00,147.85000610351562,147.89999389648438,147.8350067138672,147.85000610351562,,2346.0
2022-10-28 12:13:00-04:00,147.83999633789062,147.9199981689453,147.75999450683594,147.86439514160156,,6846.0
2022-10-28 12:14:00-04:00,147.9199981689453,147.97999572753906,147.8800048828125,147.9199981689453,,6214.0
2022-10-28 12:15:00-04:00,147.97000122070312,148.0399932861328,147.83999633789062,147.83999633789062,,13082.0
2022-10-28 12:16:00-04:00,147.7899932861328,147.83999633789062,147.74000549316406,147.77999877929688,,3581.0
2022-10-28 12:17:00-04:00,147.85000610351562,147.8800048828125,147.75,147.75,,5853.0
2022-10-28 12:18:00-04:00,147.66000366210938,147.75999450683594,147.57000732421875,147.58999633789062,,11710.0
2022-10-28 12:19:00-04:00,147.58999633789062,147.75,147.57000732421875,147.7449951171875,,3649.0
2022-10-28 12:20:00-04:00,147.77999877929688,147.89999389648438,147.77999877929688,147.89999389648438,,1908.0
2022-10-28 12:21:00-04:00,147.9600067138672,147.97000122070312,147.91000366210938,147.97000122070312,,4580.0
2022-10-28 12:22:00-04:00,147.9600067138672,147.9600067138672,147.92999267578125,147.94000244140625,,1861.0
2022-10-28 12:23:00-04:00,147.97000122070312,148.10000610351562,147.93499755859375,148.07000732421875,,5209.0
2022-10-28 12:24:00-04:00,148.05499267578125,148.3000030517578,148.05499267578125,148.29029846191406,,7789.0
2022-10-28 12:25:00-04:00,148.27999877929688,148.27999877929688,148.1300048828125,148.22000122070312,,5421.0
2022-10-28 12:26:00-04:00,148.19000244140625,148.27999877929688,148.14999389648438,148.27999877929688,,6109.0
2022-10-28 12:27:00-04:00,148.27000427246094,148.27000427246094,148.17999267578125,148.17999267578125,,3223.0
2022-10-28 12:28:00-04:00,148.2032012939453,148.25,148.1750030517578,148.1999969482422,,4904.0
2022-10-28 12:29:00-04:00,148.19000244140625,148.2382049560547,148.14999389648438,148.16879272460938,,2194.0
2022-10-28 12:30:00-04:00,148.2386016845703,148.24000549316406,148.1300048828125,148.22999572753906,,4415.0
2022-10-28 12:31:00-04:00,148.2259979248047,148.3000030517578,148.17999267578125,148.21409606933594,,11969.0
2022-10-28 12:32:00-04:00,148.22000122070312,148.3699951171875,148.17999267578125,148.19000244140625,,10871.0
2022-10-28 12:33:00-04:00,148.2100067138672,148.24000549316406,148.11000061035156,148.16000366210938,,5590.0
2022-10-28 12:34:00-04:00,148.13999938964844,148.1699981689453,148.11000061035156,148.1699981689453,,2702.0
2022-10-28 12:35:00-04:00,148.1199951171875,148.24000549316406,148.0800018310547,148.19000244140625,,5526.0
2022-10-28 12:36:00-04:00,148.22000122070312,148.25,148.14500427246094,148.14999389648438,,3327.0
2022-10-28 12:37:00-04:00,148.1999969482422,148.27520751953125,148.1999969482422,148.25,,4594.0
2022-10-28 12:38:00-04:00,148.28990173339844,148.4499969482422,148.24000549316406,148.41000366210938,,16349.0
2022-10-28 12:39:00-04:00,148.3800048828125,148.50999450683594,148.3000030517578,148.33999633789062,,21095.0
2022-10-28 12:40:00-04:00,148.3300018310547,148.4626007080078,148.3300018310547,148.44000244140625,,8164.0
2022-10-28 12:41:00-04:00,148.41000366210938,148.4499969482422,148.3699951171875,148.38999938964844,,6675.0
2022-10-28 12:42:00-04:00,148.33999633789062,148.49000549316406,148.33999633789062,148.4600067138672,,6287.0
2022-10-28 12:43:00-04:00,148.42999267578125,148.47999572753906,148.39500427246094,148.47999572753906,,5441.0
2022-10-28 12:44:00-04:00,148.42999267578125,148.42999267578125,148.3300018310547,148.36500549316406,,17646.0
2022-10-28 12:45:00-04:00,148.3300018310547,148.35000610351562,148.22000122070312,148.33999633789062,,18824.0
2022-10-28 12:46:00-04:00,148.32000732421875,148.38499450683594,148.25999450683594,148.36000061035156,,9154.0
2022-10-28 12:47:00-04:00,148.32000732421875,148.36000061035156,148.10000610351562,148.1300048828125,,7257.0
2022-10-28 12:48:00-04:00,148.1300048828125,148.3350067138672,148.11500549316406,148.3350067138672,,5713.0
2022-10-28 12:49:00-04:00,148.3800048828125,148.6300048828125,148.3800048828125,148.6300048828125,,7345.0
2022-10-28 12:50:00-04:00,148.65750122070312,148.67999267578125,148.57000732421875,148.67999267578125,,3868.0
2022-10-28 12:51:00-04:00,148.6750030517578,149.0800018310547,148.6750030517578,149.03770446777344,,28714.0
2022-10-28 12:52:00-04:00,149.02000427246094,149.0500030517578,148.9199981689453,148.9875030517578,,9331.0
2022-10-28 12:53:00-04:00,148.98500061035156,148.98500061035156,148.88059997558594,148.89059448242188,,2945.0
2022-10-28 12:54:00-04:00,148.88999938964844,148.91000366210938,148.83999633789062,148.89999389648438,,2625.0
2022-10-28 12:55:00-04:00,148.89999389648438,148.89999389648438,148.80999755859375,148.8800048828125,,4265.0
2022-10-28 12:56:00-04:00,148.88999938964844,148.88999938964844,148.7375030517578,148.7375030517578,,4376.0
2022-10-28 12:57:00-04:00,148.72000122070312,148.75999450683594,148.5800018310547,148.60000610351562,,2835.0
2022-10-28 12:58:00-04:00,148.6699981689453,148.72000122070312,148.58999633789062,148.63999938964844,,6852.0
2022-10-28 12:59:00-04:00,148.69000244140625,148.72999572753906,148.66000366210938,148.6999969482422,,4440.0
2022-10-28 13:00:00-04:00,148.72500610351562,148.75999450683594,148.6699981689453,148.75999450683594,,4460.0
2022-10-28 13:01:00-04:00,148.75999450683594,148.8300018310547,148.7100067138672,148.8300018310547,,4215.0
2022-10-28 13:02:00-04:00,148.8218994140625,148.89999389648438,148.8101043701172,148.86000061035156,,4789.0
2022-10-28 13:03:00-04:00,148.85000610351562,148.85000610351562,148.77000427246094,148.8260040283203,,7684.0
2022-10-28 13:04:00-04:00,148.80999755859375,149.0,148.8000030517578,148.99000549316406,,7852.0
2022-10-28 13:05:00-04:00,148.9949951171875,149.1999969482422,148.9600067138672,149.17230224609375,,12763.0
2022-10-28 13:06:00-04:00,149.18499755859375,149.24000549316406,149.1540985107422,149.1750030517578,,8172.0
2022-10-28 13:07:00-04:00,149.1999969482422,149.25,149.10000610351562,149.24000549316406,,15919.0
2022-10-28 13:08:00-04:00,149.24000549316406,149.4199981689453,149.22259521484375,149.4199981689453,,10417.0
2022-10-28 13:09:00-04:00,149.4250030517578,149.57000732421875,149.39500427246094,149.49000549316406,,14369.0
2022-10-28 13:10:00-04:00,149.5424041748047,149.58999633789062,149.47999572753906,149.5050048828125,,13594.0
2022-10-28 13:11:00-04:00,149.4600067138672,149.52999877929688,149.39999389648438,149.5,,7372.0
2022-10-28 13:12:00-04:00,149.47500610351562,149.75999450683594,149.47500610351562,149.67999267578125,,15979.0
2022-10-28 13:13:00-04:00,149.77000427246094,149.88999938964844,149.67999267578125,149.83999633789062,,14360.0
2022-10-28 13:14:00-04:00,149.83999633789062,149.85000610351562,149.7100067138672,149.80999755859375,,10217.0
2022-10-28 13:15:00-04:00,149.80999755859375,149.85000610351562,149.57000732421875,149.5749969482422,,10798.0
2022-10-28 13:16:00-04:00,149.50010681152344,149.58999633789062,149.3000030517578,149.3791961669922,,14179.0
2022-10-28 13:17:00-04:00,149.35000610351562,149.4149932861328,149.2550048828125,149.3000030517578,,5082.0
2022-10-28 13:18:00-04:00,149.3300018310547,149.42999267578125,149.3238067626953,149.36500549316406,,3845.0
2022-10-28 13:19:00-04:00,149.33999633789062,149.3800048828125,149.27999877929688,149.27999877929688,,4012.0
2022-10-28 13:20:00-04:00,149.23500061035156,149.30499267578125,149.2100067138672,149.30140686035156,,4628.0
2022-10-28 13:21:00-04:00,149.2729949951172,149.33999633789062,149.19000244140625,149.33999633789062,,5259.0
2022-10-28 13:22:00-04:00,149.36000061035156,149.54330444335938,149.35009765625,149.393798828125,,10096.0
2022-10-28 13:23:00-04:00,149.41000366210938,149.41000366210938,149.2899932861328,149.35000610351562,,2433.0
2022-10-28 13:24:00-04:00,149.3800048828125,149.41000366210938,149.36000061035156,149.3800048828125,,3176.0
2022-10-28 13:25:00-04:00,149.35000610351562,149.41000366210938,149.32000732421875,149.41000366210938,,7234.0
2022-10-28 13:26:00-04:00,149.3800048828125,149.4499969482422,149.3000030517578,149.4073028564453,,3184.0
2022-10-28 13:27:00-04:00,149.4149932861328,149.5050048828125,149.4149932861328,149.4875030517578,,4435.0
2022-10-28 13:28:00-04:00,149.47500610351562,149.52000427246094,149.36000061035156,149.36419677734375,,3883.0
2022-10-28 13:29:00-04:00,149.3699951171875,149.39999389648438,149.22999572753906,149.27999877929688,,17705.0
2022-10-28 13:30:00-04:00,149.2899932861328,149.3300018310547,148.9550018310547,148.9550018310547,,5491.0
2022-10-28 13:31:00-04:00,148.9550018310547,149.02000427246094,148.9199981689453,148.9499969482422,,3472.0
2022-10-28 13:32:00-04:00,149.0,149.11000061035156,149.0,149.11000061035156,,8708.0
2022-10-28 13:33:00-04:00,149.13999938964844,149.19000244140625,149.125,149.17999267578125,,2575.0
2022-10-28 13:34:00-04:00,149.15249633789062,149.32000732421875,149.1199951171875,149.32000732421875,,3695.0
2022-10-28 13:35:00-04:00,149.35499572753906,149.36000061035156,149.19000244140625,149.2310028076172,,9981.0
2022-10-28 13:36:00-04:00,149.27000427246094,149.3300018310547,149.1999969482422,149.24009704589844,,11199.0
2022-10-28 13:37:00-04:00,149.27000427246094,149.27000427246094,149.07000732421875,149.1573028564453,,13910.0
2022-10-28 13:38:00-04:00,149.13999938964844,149.13999938964844,148.99459838867188,149.05499267578125,,9523.0
2022-10-28 13:39:00-04:00,149.10000610351562,149.14999389648438,149.06280517578125,149.13999938964844,,8229.0
2022-10-28 13:40:00-04:00,149.12289428710938,149.24000549316406,149.05799865722656,149.07589721679688,,14227.0
2022-10-28 13:41:00-04:00,149.11000061035156,149.11000061035156,148.91099548339844,148.9149932861328,,9464.0
2022-10-28 13:42:00-04:00,148.9149932861328,148.92999267578125,148.86000061035156,148.87869262695312,,4619.0
2022-10-28 13:43:00-04:00,148.86000061035156,148.9499969482422,148.85000610351562,148.90499877929688,,6677.0
2022-10-28 13:44:00-04:00,148.85000610351562,148.9499969482422,148.8300018310547,148.88999938964844,,6487.0
2022-10-28 13:45:00-04:00,148.85000610351562,148.97000122070312,148.85000610351562,148.9499969482422,,3488.0
2022-10-28 13:46:00-04:00,148.97999572753906,149.0,148.91000366210938,148.94500732421875,,6978.0
2022-10-28 13:47:00-04:00,148.94000244140625,149.0050048828125,148.9199981689453,148.9550018310547,,8954.0
2022-10-28 13:48:00-04:00,148.97000122070312,148.97999572753906,148.85000610351562,148.88250732421875,,4673.0
2022-10-28 13:49:00-04:00,148.8300018310547,148.92999267578125,148.8300018310547,148.8800048828125,,6507.0
2022-10-28 13:50:00-04:00,148.9199981689453,149.02459716796875,148.9199981689453,148.99000549316406,,10017.0
2022-10-28 13:51:00-04:00,148.9499969482422,149.05999755859375,148.9499969482422,149.0,,3131.0
2022-10-28 13:52:00-04:00,149.07000732421875,149.16000366210938,149.06370544433594,149.06370544433594,,6554.0
2022-10-28 13:53:00-04:00,149.10000610351562,149.16000366210938,149.07000732421875,149.1300048828125,,7167.0
2022-10-28 13:54:00-04:00,149.1300048828125,149.19000244140625,149.07000732421875,149.10499572753906,,8909.0
2022-10-28 13:55:00-04:00,149.10499572753906,149.1999969482422,149.10499572753906,149.17999267578125,,2962.0
2022-10-28 13:56:00-04:00,149.1999969482422,149.38999938964844,149.14999389648438,149.36000061035156,,13576.0
2022-10-28 13:57:00-04:00,149.3614044189453,149.3614044189453,149.27000427246094,149.27000427246094,,7192.0
2022-10-28 13:58:00-04:00,149.27000427246094,149.27000427246094,149.10000610351562,149.16000366210938,,5844.0
2022-10-28 13:59:00-04:00,149.15499877929688,149.15499877929688,148.9600067138672,148.98500061035156,,9172.0
2022-10-28 14:00:00-04:00,149.0095977783203,149.25999450683594,148.8800048828125,149.10000610351562,,12381.0
2022-10-28 14:01:00-04:00,149.2100067138672,149.26499938964844,149.2100067138672,149.26370239257812,,2776.0
2022-10-28 14:02:00-04:00,149.30999755859375,149.52999877929688,149.2812042236328,149.50999450683594,,8633.0
2022-10-28 14:03:00-04:00,149.60000610351562,149.60000610351562,149.41000366210938,149.50999450683594,,5262.0
2022-10-28 14:04:00-04:00,149.57000732421875,149.69000244140625,149.4300994873047,149.52000427246094,,26527.0
2022-10-28 14:05:00-04:00,149.5399932861328,149.66000366210938,149.5399932861328,149.55999755859375,,5633.0
2022-10-28 14:06:00-04:00,149.5500030517578,149.66229248046875,149.52999877929688,149.57000732421875,,4623.0
2022-10-28 14:07:00-04:00,149.66000366210938,149.69000244140625,149.5500030517578,149.5800018310547,,16429.0
2022-10-28 14:08:00-04:00,149.6199951171875,149.6199951171875,149.52000427246094,149.55999755859375,,5704.0
2022-10-28 14:09:00-04:00,149.55999755859375,149.61000061035156,149.36500549316406,149.39999389648438,,18485.0
2022-10-28 14:10:00-04:00,149.4499969482422,149.65499877929688,149.43800354003906,149.62179565429688,,6066.0
2022-10-28 14:11:00-04:00,149.6551971435547,149.75,149.6199951171875,149.6614990234375,,12453.0
2022-10-28 14:12:00-04:00,149.66000366210938,149.6999969482422,149.6199951171875,149.6999969482422,,13279.0
2022-10-28 14:13:00-04:00,149.66879272460938,149.8000030517578,149.64500427246094,149.7550048828125,,18182.0
2022-10-28 14:14:00-04:00,149.7100067138672,149.8300018310547,149.67999267578125,149.77999877929688,,13913.0
2022-10-28 14:15:00-04:00,149.77999877929688,150.1999969482422,149.74000549316406,150.15879821777344,,146629.0
2022-10-28 14:16:00-04:00,150.1999969482422,150.25,150.0,150.08990478515625,,20896.0
2022-10-28 14:17:00-04:00,150.00999450683594,150.0800018310547,149.90499877929688,149.97000122070312,,15754.0
2022-10-28 14:18:00-04:00,149.97000122070312,149.97000122070312,149.89999389648438,149.9199981689453,,9229.0
2022-10-28 14:19:00-04:00,149.9199981689453,149.97000122070312,149.77000427246094,149.77499389648438,,4569.0
2022-10-28 14:20:00-04:00,149.8300018310547,149.91000366210938,149.8300018310547,149.89999389648438,,3974.0
2022-10-28 14:21:00-04:00,149.9600067138672,149.97000122070312,149.80999755859375,149.85000610351562,,6043.0
2022-10-28 14:22:00-04:00,149.85000610351562,149.9499969482422,149.85000610351562,149.8800048828125,,7547.0
2022-10-28 14:23:00-04:00,149.8699951171875,149.9499969482422,149.85000610351562,149.94000244140625,,2537.0
2022-10-28 14:24:00-04:00,149.9499969482422,150.1199951171875,149.9499969482422,150.02000427246094,,12258.0
2022-10-28 14:25:00-04:00,150.0500030517578,150.1020050048828,149.9759979248047,150.02499389648438,,5706.0
2022-10-28 14:26:00-04:00,150.02999877929688,150.02999877929688,149.92999267578125,149.97000122070312,,6512.0
2022-10-28 14:27:00-04:00,149.9499969482422,150.00999450683594,149.83999633789062,149.96499633789062,,6459.0
2022-10-28 14:28:00-04:00,149.9199981689453,149.97000122070312,149.91000366210938,149.97000122070312,,2857.0
2022-10-28 14:29:00-04:00,149.9199981689453,149.94000244140625,149.82000732421875,149.91000366210938,,4654.0
2022-10-28 14:30:00-04:00,149.9600067138672,150.0,149.9001007080078,149.94000244140625,,3157.0
2022-10-28 14:31:00-04:00,149.97000122070312,150.00999450683594,149.96499633789062,149.96499633789062,,2113.0
2022-10-28 14:32:00-04:00,149.96749877929688,149.98739624023438,149.7899932861328,149.7899932861328,,7275.0
2022-10-28 14:33:00-04:00,149.77499389648438,149.77499389648438,149.72999572753906,149.77000427246094,,3609.0
2022-10-28 14:34:00-04:00,149.77969360351562,149.88999938964844,149.77000427246094,149.85499572753906,,6093.0
2022-10-28 14:35:00-04:00,149.82000732421875,149.8699951171875,149.77999877929688,149.83999633789062,,7030.0
2022-10-28 14:36:00-04:00,149.80149841308594,149.80149841308594,149.72999572753906,149.76499938964844,,4540.0
2022-10-28 14:37:00-04:00,149.8000030517578,149.92999267578125,149.76499938964844,149.89100646972656,,10039.0
2022-10-28 14:38:00-04:00,149.85000610351562,149.86000061035156,149.6999969482422,149.6999969482422,,8494.0
2022-10-28 14:39:00-04:00,149.72999572753906,149.73829650878906,149.6999969482422,149.71499633789062,,2359.0
2022-10-28 14:40:00-04:00,149.71499633789062,149.74989318847656,149.64999389648438,149.71499633789062,,8971.0
2022-10-28 14:41:00-04:00,149.71499633789062,149.74989318847656,149.6999969482422,149.6999969482422,,2441.0
2022-10-28 14:42:00-04:00,149.6999969482422,149.72999572753906,149.5601043701172,149.6999969482422,,14649.0
2022-10-28 14:43:00-04:00,149.69500732421875,149.72999572753906,149.63999938964844,149.67999267578125,,7958.0
2022-10-28 14:44:00-04:00,149.65499877929688,149.65499877929688,149.4600067138672,149.5050048828125,,11770.0
2022-10-28 14:45:00-04:00,149.52499389648438,149.55999755859375,149.5,149.52999877929688,,6962.0
2022-10-28 14:46:00-04:00,149.5800018310547,149.5850067138672,149.50999450683594,149.57000732421875,,5834.0
2022-10-28 14:47:00-04:00,149.60499572753906,149.75,149.5399932861328,149.64999389648438,,10746.0
2022-10-28 14:48:00-04:00,149.64500427246094,149.74000549316406,149.5800018310547,149.68499755859375,,6341.0
2022-10-28 14:49:00-04:00,149.7050018310547,149.7050018310547,149.55999755859375,149.6300048828125,,6923.0
2022-10-28 14:50:00-04:00,149.64239501953125,149.76539611816406,149.61500549316406,149.72000122070312,,9338.0
2022-10-28 14:51:00-04:00,149.72000122070312,149.875,149.6988067626953,149.75999450683594,,9875.0
2022-10-28 14:52:00-04:00,149.73500061035156,149.75999450683594,149.68499755859375,149.68499755859375,,5629.0
2022-10-28 14:53:00-04:00,149.69000244140625,149.72000122070312,149.6199951171875,149.6699981689453,,7632.0
2022-10-28 14:54:00-04:00,149.69000244140625,149.7100067138672,149.61050415039062,149.6999969482422,,6849.0
2022-10-28 14:55:00-04:00,149.7899932861328,149.7899932861328,149.69000244140625,149.72000122070312,,7080.0
2022-10-28 14:56:00-04:00,149.77000427246094,149.77000427246094,149.72000122070312,149.72000122070312,,5573.0
2022-10-28 14:57:00-04:00,149.6999969482422,149.72999572753906,149.6790008544922,149.72999572753906,,4199.0
2022-10-28 14:58:00-04:00,149.7050018310547,149.8280029296875,149.7050018310547,149.74000549316406,,3433.0
2022-10-28 14:59:00-04:00,149.78500366210938,149.7899932861328,149.72000122070312,149.77000427246094,,6968.0
2022-10-28 15:00:00-04:00,149.75,150.02999877929688,149.75,150.0034942626953,,9378.0
2022-10-28 15:01:00-04:00,149.9600067138672,149.97999572753906,149.85000610351562,149.97000122070312,,6435.0
2022-10-28 15:02:00-04:00,149.96780395507812,150.12649536132812,149.96780395507812,150.0,,8517.0
2022-10-28 15:03:00-04:00,149.91000366210938,149.9149932861328,149.7949981689453,149.8498992919922,,7996.0
2022-10-28 15:04:00-04:00,149.8000030517578,149.8000030517578,149.62319946289062,149.6699981689453,,6852.0
2022-10-28 15:05:00-04:00,149.6699981689453,149.74000549316406,149.63059997558594,149.6750030517578,,9611.0
2022-10-28 15:06:00-04:00,149.66000366210938,149.69000244140625,149.61000061035156,149.69000244140625,,3510.0
2022-10-28 15:07:00-04:00,149.67999267578125,149.67999267578125,149.5800018310547,149.60499572753906,,8422.0
2022-10-28 15:08:00-04:00,149.57000732421875,149.77999877929688,149.57000732421875,149.7550048828125,,7788.0
2022-10-28 15:09:00-04:00,149.77000427246094,149.97999572753906,149.72000122070312,149.94500732421875,,6447.0
2022-10-28 15:10:00-04:00,149.99000549316406,150.1199951171875,149.99000549316406,150.1199951171875,,7317.0
2022-10-28 15:11:00-04:00,150.07000732421875,150.13999938964844,150.0500030517578,150.10000610351562,,7506.0
2022-10-28 15:12:00-04:00,150.13999938964844,150.32000732421875,150.08999633789062,150.25999450683594,,24738.0
2022-10-28 15:13:00-04:00,150.27999877929688,150.30999755859375,150.1999969482422,150.22000122070312,,10775.0
2022-10-28 15:14:00-04:00,150.22000122070312,150.22999572753906,150.10499572753906,150.14999389648438,,7393.0
2022-10-28 15:15:00-04:00,150.08999633789062,150.14999389648438,149.96499633789062,149.96499633789062,,13766.0
2022-10-28 15:16:00-04:00,149.9199981689453,150.0500030517578,149.90499877929688,149.99000549316406,,9983.0
2022-10-28 15:17:00-04:00,149.97500610351562,150.0850067138672,149.94070434570312,150.0800018310547,,7041.0
2022-10-28 15:18:00-04:00,150.0500030517578,150.0800018310547,150.02000427246094,150.0800018310547,,3573.0
2022-10-28 15:19:00-04:00,150.0500030517578,150.1999969482422,150.0500030517578,150.1999969482422,,5868.0
2022-10-28 15:20:00-04:00,150.19000244140625,150.35000610351562,150.1300048828125,150.17999267578125,,14958.0
2022-10-28 15:21:00-04:00,150.13999938964844,150.1699981689453,150.0399932861328,150.08999633789062,,9386.0
2022-10-28 15:22:00-04:00,150.07000732421875,150.13999938964844,150.05999755859375,150.1199951171875,,5749.0
2022-10-28 15:23:00-04:00,150.1300048828125,150.3000030517578,150.1300048828125,150.25999450683594,,9851.0
2022-10-28 15:24:00-04:00,150.25999450683594,150.39999389648438,150.22000122070312,150.3800048828125,,20718.0
2022-10-28 15:25:00-04:00,150.3800048828125,150.47999572753906,150.3800048828125,150.38999938964844,,9578.0
2022-10-28 15:26:00-04:00,150.36000061035156,150.44500732421875,150.34010314941406,150.36000061035156,,11719.0
2022-10-28 15:27:00-04:00,150.35000610351562,150.35000610351562,150.24000549316406,150.24000549316406,,8217.0
2022-10-28 15:28:00-04:00,150.27999877929688,150.27999877929688,150.19000244140625,150.19000244140625,,10354.0
2022-10-28 15:29:00-04:00,150.1999969482422,150.218994140625,150.08999633789062,150.08999633789062,,16786.0
2022-10-28 15:30:00-04:00,150.05999755859375,150.10000610351562,149.97999572753906,150.08999633789062,,22702.0
2022-10-28 15:31:00-04:00,150.06500244140625,150.14999389648438,150.0500030517578,150.10000610351562,,13599.0
2022-10-28 15:32:00-04:00,150.0800018310547,150.10000610351562,149.94000244140625,150.00999450683594,,15553.0
2022-10-28 15:33:00-04:00,149.97999572753906,150.1999969482422,149.97999572753906,150.1750030517578,,9998.0
2022-10-28 15:34:00-04:00,150.1750030517578,150.1999969482422,150.05999755859375,150.16000366210938,,12996.0
2022-10-28 15:35:00-04:00,150.15499877929688,150.2100067138672,150.1300048828125,150.15499877929688,,8381.0
2022-10-28 15:36:00-04:00,150.19000244140625,150.24000549316406,150.1300048828125,150.22999572753906,,9908.0
2022-10-28 15:37:00-04:00,150.19000244140625,150.39999389648438,150.14999389648438,150.35000610351562,,13977.0
2022-10-28 15:38:00-04:00,150.397705078125,150.61599731445312,150.397705078125,150.58999633789062,,16017.0
2022-10-28 15:39:00-04:00,150.58999633789062,150.6999969482422,150.52499389648438,150.69000244140625,,14113.0
2022-10-28 15:40:00-04:00,150.66000366210938,150.6999969482422,150.5449981689453,150.56500244140625,,12964.0
2022-10-28 15:41:00-04:00,150.57000732421875,150.6999969482422,150.57000732421875,150.6699981689453,,11285.0
2022-10-28 15:42:00-04:00,150.64999389648438,150.97000122070312,150.6199951171875,150.89999389648438,,46646.0
2022-10-28 15:43:00-04:00,150.9499969482422,150.9600067138672,150.6699981689453,150.6750030517578,,12055.0
2022-10-28 15:44:00-04:00,150.6699981689453,150.77000427246094,150.6699981689453,150.73500061035156,,9858.0
2022-10-28 15:45:00-04:00,150.72999572753906,150.72999572753906,150.55999755859375,150.60000610351562,,15824.0
2022-10-28 15:46:00-04:00,150.6199951171875,150.6300048828125,150.52499389648438,150.60000610351562,,14251.0
2022-10-28 15:47:00-04:00,150.5800018310547,150.58999633789062,150.44000244140625,150.4763946533203,,15352.0
2022-10-28 15:48:00-04:00,150.4600067138672,150.5399932861328,150.39999389648438,150.47999572753906,,15467.0
2022-10-28 15:49:00-04:00,150.49000549316406,150.55990600585938,150.42999267578125,150.51919555664062,,16379.0
2022-10-28 15:50:00-04:00,150.50999450683594,150.6999969482422,150.5,150.69000244140625,,18100.0
2022-10-28 15:51:00-04:00,150.69000244140625,150.9250030517578,150.66009521484375,150.9199981689453,,21724.0
2022-10-28 15:52:00-04:00,150.93499755859375,151.07000732421875,150.8699951171875,151.01739501953125,,30073.0
2022-10-28 15:53:00-04:00,151.0399932861328,151.0399932861328,150.89999389648438,150.9199981689453,,18735.0
2022-10-28 15:54:00-04:00,150.9149932861328,151.07000732421875,150.86000061035156,150.91000366210938,,36028.0
2022-10-28 15:55:00-04:00,150.9199981689453,151.19000244140625,150.9199981689453,150.96499633789062,,47136.0
2022-10-28 15:56:00-04:00,150.97999572753906,151.07000732421875,150.82000732421875,150.85000610351562,,58828.0
2022-10-28 15:57:00-04:00,150.84500122070312,150.91000366210938,150.77000427246094,150.7899932861328,,42680.0
2022-10-28 15:58:00-04:00,150.8000030517578,150.8800048828125,150.75,150.75999450683594,,45338.0
2022-10-28 15:59:00-04:00,150.75999450683594,151.0,150.75999450683594,150.92999267578125,,101392.0
2022-10-31 09:30:00-04:00,149.42999267578125,150.3800048828125,148.57000732421875,150.00010681152344,,115273.0
2022-10-31 09:31:00-04:00,150.23500061035156,150.69000244140625,149.9600067138672,150.07000732421875,,15364.0
2022-10-31 09:32:00-04:00,150.40249633789062,150.97000122070312,150.07000732421875,150.3300018310547,,21967.0
2022-10-31 09:33:00-04:00,150.24000549316406,150.75,150.05999755859375,150.5749969482422,,8644.0
2022-10-31 09:34:00-04:00,150.75010681152344,151.63999938964844,150.72999572753906,151.47000122070312,,26990.0
2022-10-31 09:35:00-04:00,151.4499969482422,151.8000030517578,151.22000122070312,151.72000122070312,,14348.0
2022-10-31 09:36:00-04:00,151.56500244140625,151.99000549316406,151.36000061035156,151.48500061035156,,21042.0
2022-10-31 09:37:00-04:00,151.36289978027344,152.33999633789062,151.36289978027344,152.14999389648438,,30546.0
2022-10-31 09:38:00-04:00,152.30299377441406,152.80999755859375,152.1999969482422,152.7313995361328,,26721.0
2022-10-31 09:39:00-04:00,152.5449981689453,153.32000732421875,152.39500427246094,153.0500030517578,,22523.0
2022-10-31 09:40:00-04:00,152.99000549316406,153.08999633789062,152.410400390625,152.80999755859375,,20156.0
2022-10-31 09:41:00-04:00,152.83470153808594,152.92999267578125,152.16000366210938,152.3800048828125,,15536.0
2022-10-31 09:42:00-04:00,152.39999389648438,152.7550048828125,151.63229370117188,152.07000732421875,,26451.0
2022-10-31 09:43:00-04:00,152.13499450683594,152.13499450683594,151.03829956054688,151.39999389648438,,14461.0
2022-10-31 09:44:00-04:00,151.25,151.35499572753906,151.25,151.35499572753906,,14763.0
2022-10-31 09:45:00-04:00,151.42999267578125,151.60499572753906,151.07000732421875,151.07000732421875,,14661.0
2022-10-31 09:46:00-04:00,151.08999633789062,151.22999572753906,150.8549041748047,151.05250549316406,,19097.0
2022-10-31 09:47:00-04:00,151.0,151.0,150.1999969482422,150.22999572753906,,37417.0
2022-10-31 09:48:00-04:00,150.25,150.5,150.11000061035156,150.41000366210938,,18962.0
2022-10-31 09:49:00-04:00,150.25,150.77999877929688,150.25,150.67999267578125,,16082.0
2022-10-31 09:50:00-04:00,150.58999633789062,151.10000610351562,150.17030334472656,150.17030334472656,,20102.0
2022-10-31 09:51:00-04:00,150.42999267578125,150.42999267578125,150.07000732421875,150.27000427246094,,13306.0
2022-10-31 09:52:00-04:00,150.0,150.22000122070312,149.7949981689453,149.8800048828125,,25983.0
2022-10-31 09:53:00-04:00,150.0,150.0500030517578,149.83999633789062,149.97500610351562,,7653.0
2022-10-31 09:54:00-04:00,150.08999633789062,150.2335968017578,149.57000732421875,149.57000732421875,,18559.0
2022-10-31 09:55:00-04:00,149.83999633789062,150.1999969482422,149.72999572753906,149.91000366210938,,32821.0
2022-10-31 09:56:00-04:00,149.75,150.0449981689453,149.66000366210938,150.0,,10517.0
2022-10-31 09:57:00-04:00,149.27789306640625,149.45989990234375,149.27789306640625,149.41000366210938,,10826.0
2022-10-31 09:58:00-04:00,149.08999633789062,149.08999633789062,149.07000732421875,149.0800018310547,,8548.0
2022-10-31 09:59:00-04:00,149.0399932861328,149.21499633789062,148.875,149.0449981689453,,23880.0
2022-10-31 10:00:00-04:00,149.08999633789062,149.64999389648438,149.02999877929688,149.50999450683594,,15511.0
2022-10-31 10:01:00-04:00,149.6649932861328,149.7100067138672,149.1300048828125,149.5500030517578,,9727.0
2022-10-31 10:02:00-04:00,149.4600067138672,149.88999938964844,149.3000030517578,149.7012939453125,,12475.0
2022-10-31 10:03:00-04:00,149.6999969482422,150.02000427246094,149.60000610351562,149.75999450683594,,10307.0
2022-10-31 10:04:00-04:00,149.72999572753906,150.36000061035156,149.58999633789062,149.98500061035156,,15042.0
2022-10-31 10:05:00-04:00,149.98500061035156,149.98500061035156,149.52000427246094,149.69000244140625,,7498.0
2022-10-31 10:06:00-04:00,149.69000244140625,149.69000244140625,149.33999633789062,149.5449981689453,,5764.0
2022-10-31 10:07:00-04:00,149.4499969482422,149.8000030517578,149.38499450683594,149.7899932861328,,5778.0
2022-10-31 10:08:00-04:00,149.5800018310547,149.97999572753906,149.5500030517578,149.97999572753906,,7670.0
2022-10-31 10:09:00-04:00,149.99000549316406,150.42999267578125,149.99000549316406,150.4199981689453,,12855.0
2022-10-31 10:10:00-04:00,150.33999633789062,150.42999267578125,149.97999572753906,150.14999389648438,,11617.0
2022-10-31 10:11:00-04:00,150.11500549316406,150.67999267578125,150.11500549316406,150.63999938964844,,15331.0
2022-10-31 10:12:00-04:00,150.72999572753906,150.80999755859375,150.5850067138672,150.6580047607422,,14042.0
2022-10-31 10:13:00-04:00,150.6750030517578,150.80999755859375,150.50999450683594,150.6750030517578,,12563.0
2022-10-31 10:14:00-04:00,150.58999633789062,151.05999755859375,150.58999633789062,150.97000122070312,,8532.0
2022-10-31 10:15:00-04:00,151.00999450683594,151.1999969482422,150.77999877929688,151.1999969482422,,6457.0
2022-10-31 10:16:00-04:00,151.26730346679688,151.3300018310547,151.02999877929688,151.1927947998047,,6885.0
2022-10-31 10:17:00-04:00,151.24000549316406,151.29400634765625,151.19500732421875,151.27000427246094,,3514.0
2022-10-31 10:18:00-04:00,151.33999633789062,151.35000610351562,151.1999969482422,151.32000732421875,,5719.0
2022-10-31 10:19:00-04:00,151.5,151.5,150.8800048828125,150.97300720214844,,7024.0
2022-10-31 10:20:00-04:00,151.03500366210938,151.03500366210938,150.9261932373047,151.00999450683594,,2848.0
2022-10-31 10:21:00-04:00,151.00999450683594,151.02000427246094,150.91000366210938,150.94500732421875,,3537.0
2022-10-31 10:22:00-04:00,150.66000366210938,150.72999572753906,150.6199951171875,150.6199951171875,,10649.0
2022-10-31 10:23:00-04:00,150.8000030517578,150.89999389648438,150.77000427246094,150.77000427246094,,874.0
2022-10-31 10:24:00-04:00,150.10000610351562,150.19500732421875,150.0500030517578,150.1199951171875,,17498.0
2022-10-31 10:25:00-04:00,150.13999938964844,150.24000549316406,150.00999450683594,150.05999755859375,,4151.0
2022-10-31 10:26:00-04:00,150.00999450683594,150.1199951171875,149.7100067138672,149.7100067138672,,9373.0
2022-10-31 10:27:00-04:00,149.77000427246094,149.9499969482422,149.6300048828125,149.87449645996094,,6328.0
2022-10-31 10:28:00-04:00,149.85000610351562,150.0,149.77000427246094,149.9550018310547,,3135.0
2022-10-31 10:29:00-04:00,149.9499969482422,150.2100067138672,149.92999267578125,149.92999267578125,,5020.0
2022-10-31 10:30:00-04:00,149.86000061035156,149.9398956298828,149.8000030517578,149.85580444335938,,2481.0
2022-10-31 10:31:00-04:00,149.8000030517578,150.0,149.49000549316406,149.89999389648438,,5743.0
2022-10-31 10:32:00-04:00,149.89999389648438,150.0,149.69000244140625,149.7100067138672,,12484.0
2022-10-31 10:33:00-04:00,149.6699981689453,149.6699981689453,149.2801055908203,149.47999572753906,,8660.0
2022-10-31 10:34:00-04:00,149.4945068359375,149.4945068359375,149.17999267578125,149.17999267578125,,4323.0
2022-10-31 10:35:00-04:00,149.22000122070312,149.33999633789062,149.07000732421875,149.3300018310547,,7335.0
2022-10-31 10:36:00-04:00,149.22999572753906,149.36000061035156,149.05999755859375,149.33999633789062,,5269.0
2022-10-31 10:37:00-04:00,149.39999389648438,149.5399932861328,149.3800048828125,149.49000549316406,,5496.0
2022-10-31 10:38:00-04:00,149.54730224609375,149.5800018310547,149.4600067138672,149.5500030517578,,2554.0
2022-10-31 10:39:00-04:00,149.72500610351562,149.8300018310547,149.55999755859375,149.8000030517578,,7073.0
2022-10-31 10:40:00-04:00,149.97000122070312,150.17999267578125,149.96800231933594,150.17999267578125,,4292.0
2022-10-31 10:41:00-04:00,150.17999267578125,150.39999389648438,150.05999755859375,150.35000610351562,,7033.0
2022-10-31 10:42:00-04:00,150.2899932861328,150.5500030517578,150.27000427246094,150.5500030517578,,4560.0
2022-10-31 10:43:00-04:00,150.49000549316406,150.83999633789062,150.49000549316406,150.80499267578125,,2169.0
2022-10-31 10:44:00-04:00,150.8699951171875,150.97000122070312,150.6699981689453,150.9499969482422,,4483.0
2022-10-31 10:45:00-04:00,150.94000244140625,151.1999969482422,150.94000244140625,151.11500549316406,,13123.0
2022-10-31 10:46:00-04:00,151.35000610351562,151.35000610351562,151.14309692382812,151.25999450683594,,5227.0
2022-10-31 10:47:00-04:00,151.2100067138672,151.25,151.0399932861328,151.22999572753906,,5686.0
2022-10-31 10:48:00-04:00,151.08999633789062,151.13999938964844,150.85000610351562,150.9600067138672,,6755.0
2022-10-31 10:49:00-04:00,150.89999389648438,151.07000732421875,150.8551025390625,151.07000732421875,,2299.0
2022-10-31 10:50:00-04:00,151.10000610351562,151.3000030517578,151.08999633789062,151.19000244140625,,9864.0
2022-10-31 10:51:00-04:00,151.13999938964844,151.61000061035156,151.13999938964844,151.61000061035156,,5860.0
2022-10-31 10:52:00-04:00,151.5500030517578,151.5500030517578,151.35000610351562,151.3699951171875,,3425.0
2022-10-31 10:53:00-04:00,151.42999267578125,151.59030151367188,151.22000122070312,151.22000122070312,,12533.0
2022-10-31 10:54:00-04:00,151.29249572753906,151.29249572753906,151.02999877929688,151.11000061035156,,8157.0
2022-10-31 10:55:00-04:00,151.13499450683594,151.22000122070312,151.05999755859375,151.22000122070312,,2926.0
2022-10-31 10:56:00-04:00,151.22000122070312,151.38999938964844,151.16000366210938,151.38999938964844,,5950.0
2022-10-31 10:57:00-04:00,151.42999267578125,151.5800018310547,151.42999267578125,151.447998046875,,9146.0
2022-10-31 10:58:00-04:00,151.47999572753906,151.47999572753906,151.3699951171875,151.4199981689453,,2872.0
2022-10-31 10:59:00-04:00,151.30999755859375,151.30999755859375,151.1999969482422,151.25999450683594,,2761.0
2022-10-31 11:00:00-04:00,151.24000549316406,151.27999877929688,151.0500030517578,151.14999389648438,,3970.0
2022-10-31 11:01:00-04:00,151.22999572753906,151.25,151.0,151.25,,9501.0
2022-10-31 11:02:00-04:00,151.2449951171875,151.2449951171875,151.0,151.10000610351562,,6716.0
2022-10-31 11:03:00-04:00,151.2100067138672,151.2100067138672,150.99000549316406,150.99000549316406,,2405.0
2022-10-31 11:04:00-04:00,150.9499969482422,151.14999389648438,150.87010192871094,150.9499969482422,,6122.0
2022-10-31 11:05:00-04:00,150.9499969482422,150.9499969482422,150.8699951171875,150.8699951171875,,2325.0
2022-10-31 11:06:00-04:00,150.99000549316406,151.1199951171875,150.9499969482422,151.08999633789062,,4896.0
2022-10-31 11:07:00-04:00,151.1300048828125,151.1999969482422,151.0800018310547,151.1999969482422,,3877.0
2022-10-31 11:08:00-04:00,151.2050018310547,151.52000427246094,151.1199951171875,151.48500061035156,,9081.0
2022-10-31 11:09:00-04:00,151.49000549316406,151.75,151.4001007080078,151.47000122070312,,8214.0
2022-10-31 11:10:00-04:00,151.46499633789062,151.81199645996094,151.46499633789062,151.7801055908203,,4987.0
2022-10-31 11:11:00-04:00,151.69000244140625,151.77999877929688,151.66549682617188,151.69000244140625,,4949.0
2022-10-31 11:12:00-04:00,151.72500610351562,151.72500610351562,151.47999572753906,151.49609375,,9721.0
2022-10-31 11:13:00-04:00,151.47000122070312,151.83999633789062,151.30999755859375,151.6199951171875,,35995.0
2022-10-31 11:14:00-04:00,151.6750030517578,151.77999877929688,151.66000366210938,151.69000244140625,,8355.0
2022-10-31 11:15:00-04:00,151.7899932861328,151.8300018310547,151.48330688476562,151.6699981689453,,10507.0
2022-10-31 11:16:00-04:00,151.625,151.89999389648438,151.625,151.89999389648438,,2620.0
2022-10-31 11:17:00-04:00,151.9199981689453,152.22000122070312,151.9199981689453,152.13999938964844,,14743.0
2022-10-31 11:18:00-04:00,152.16000366210938,152.3300018310547,152.06680297851562,152.2227020263672,,5789.0
2022-10-31 11:19:00-04:00,152.33999633789062,152.39999389648438,152.25999450683594,152.27999877929688,,5596.0
2022-10-31 11:20:00-04:00,152.27000427246094,152.3699951171875,152.27000427246094,152.3300018310547,,1875.0
2022-10-31 11:21:00-04:00,152.39999389648438,152.55999755859375,152.3000030517578,152.4199981689453,,6483.0
2022-10-31 11:22:00-04:00,152.58999633789062,152.7550048828125,152.50999450683594,152.67999267578125,,12788.0
2022-10-31 11:23:00-04:00,152.5500030517578,152.75999450683594,152.5500030517578,152.75999450683594,,8098.0
2022-10-31 11:24:00-04:00,152.8300018310547,153.19000244140625,152.8300018310547,153.02000427246094,,26888.0
2022-10-31 11:25:00-04:00,153.08810424804688,153.30999755859375,153.0800018310547,153.24240112304688,,9965.0
2022-10-31 11:26:00-04:00,153.1699981689453,153.1999969482422,153.02000427246094,153.02000427246094,,13095.0
2022-10-31 11:27:00-04:00,153.1999969482422,153.47999572753906,153.1999969482422,153.35499572753906,,12612.0
2022-10-31 11:28:00-04:00,153.36500549316406,153.47999572753906,153.25,153.4199981689453,,9977.0
2022-10-31 11:29:00-04:00,153.47999572753906,153.47999572753906,153.3000030517578,153.32000732421875,,10851.0
2022-10-31 11:30:00-04:00,153.33999633789062,153.44000244140625,153.25,153.4300994873047,,9259.0
2022-10-31 11:31:00-04:00,153.44000244140625,153.61000061035156,153.27999877929688,153.61000061035156,,22370.0
2022-10-31 11:32:00-04:00,153.6300048828125,154.08920288085938,153.58999633789062,154.01800537109375,,21210.0
2022-10-31 11:33:00-04:00,153.97999572753906,154.1699981689453,153.86000061035156,154.00999450683594,,12523.0
2022-10-31 11:34:00-04:00,154.02999877929688,154.33999633789062,154.02000427246094,154.10499572753906,,19384.0
2022-10-31 11:35:00-04:00,154.10000610351562,154.1199951171875,153.61239624023438,153.63999938964844,,11165.0
2022-10-31 11:36:00-04:00,153.6999969482422,153.85000610351562,153.5,153.6300048828125,,10611.0
2022-10-31 11:37:00-04:00,153.60499572753906,153.60499572753906,153.35000610351562,153.44000244140625,,9455.0
2022-10-31 11:38:00-04:00,153.43099975585938,153.47000122070312,153.30999755859375,153.36000061035156,,12689.0
2022-10-31 11:39:00-04:00,153.43499755859375,153.63999938964844,153.33009338378906,153.4600067138672,,10346.0
2022-10-31 11:40:00-04:00,153.40499877929688,153.55999755859375,153.39999389648438,153.39999389648438,,6575.0
2022-10-31 11:41:00-04:00,153.35000610351562,153.82000732421875,153.3300018310547,153.78199768066406,,9785.0
2022-10-31 11:42:00-04:00,153.69000244140625,153.6999969482422,153.5,153.5175018310547,,6045.0
2022-10-31 11:43:00-04:00,153.42999267578125,153.5,153.2050018310547,153.3350067138672,,4158.0
2022-10-31 11:44:00-04:00,153.33999633789062,153.39999389648438,153.24000549316406,153.2449951171875,,8276.0
2022-10-31 11:45:00-04:00,153.2458953857422,153.35000610351562,153.0399932861328,153.07000732421875,,8702.0
2022-10-31 11:46:00-04:00,153.08999633789062,153.25,153.03419494628906,153.20010375976562,,6686.0
2022-10-31 11:47:00-04:00,153.3699951171875,153.49000549316406,153.36000061035156,153.36000061035156,,6344.0
2022-10-31 11:48:00-04:00,153.41099548339844,153.4698944091797,153.30999755859375,153.44000244140625,,1794.0
2022-10-31 11:49:00-04:00,153.47999572753906,153.47999572753906,153.35000610351562,153.38999938964844,,4587.0
2022-10-31 11:50:00-04:00,153.39999389648438,153.52000427246094,153.39999389648438,153.47000122070312,,2043.0
2022-10-31 11:51:00-04:00,153.65049743652344,153.6999969482422,153.6024932861328,153.6199951171875,,9754.0
2022-10-31 11:52:00-04:00,153.57000732421875,153.631103515625,153.49000549316406,153.61990356445312,,4732.0
2022-10-31 11:53:00-04:00,153.66000366210938,153.78990173339844,153.42999267578125,153.44000244140625,,8975.0
2022-10-31 11:54:00-04:00,153.3300018310547,153.44000244140625,153.197998046875,153.27000427246094,,6446.0
2022-10-31 11:55:00-04:00,153.35000610351562,153.44000244140625,153.25999450683594,153.25999450683594,,3517.0
2022-10-31 11:56:00-04:00,153.25,153.31500244140625,153.1199951171875,153.31500244140625,,8503.0
2022-10-31 11:57:00-04:00,153.25999450683594,153.4149932861328,153.19000244140625,153.19000244140625,,3922.0
2022-10-31 11:58:00-04:00,153.07000732421875,153.1898956298828,152.1999969482422,152.27999877929688,,13976.0
2022-10-31 11:59:00-04:00,152.19290161132812,152.47999572753906,152.13160705566406,152.4600067138672,,4830.0
2022-10-31 12:00:00-04:00,152.52999877929688,152.5399932861328,152.2899932861328,152.5,,5737.0
2022-10-31 12:01:00-04:00,152.39500427246094,152.6300048828125,152.39500427246094,152.44000244140625,,5396.0
2022-10-31 12:02:00-04:00,152.36000061035156,152.5,152.35000610351562,152.47000122070312,,3485.0
2022-10-31 12:03:00-04:00,152.33999633789062,152.46499633789062,152.2899932861328,152.46499633789062,,1599.0
2022-10-31 12:04:00-04:00,152.41000366210938,152.6699981689453,152.41000366210938,152.58999633789062,,5140.0
2022-10-31 12:05:00-04:00,152.58999633789062,152.58999633789062,152.47999572753906,152.55999755859375,,1933.0
2022-10-31 12:06:00-04:00,152.5738067626953,152.60000610351562,152.41000366210938,152.60000610351562,,3089.0
2022-10-31 12:07:00-04:00,152.5,152.5,152.38999938964844,152.5,,1624.0
2022-10-31 12:08:00-04:00,152.4949951171875,152.4949951171875,152.22999572753906,152.29879760742188,,6122.0
2022-10-31 12:09:00-04:00,152.2899932861328,152.3800048828125,152.14999389648438,152.1999969482422,,3074.0
2022-10-31 12:10:00-04:00,152.17010498046875,152.5399932861328,152.17010498046875,152.47000122070312,,3457.0
2022-10-31 12:11:00-04:00,152.49000549316406,152.7100067138672,152.39999389648438,152.61000061035156,,6383.0
2022-10-31 12:12:00-04:00,152.67999267578125,153.0,152.64999389648438,153.0,,6305.0
2022-10-31 12:13:00-04:00,153.00999450683594,153.00999450683594,152.75,152.8000030517578,,4571.0
2022-10-31 12:14:00-04:00,152.75,152.8800048828125,152.7301025390625,152.7301025390625,,3919.0
2022-10-31 12:15:00-04:00,153.0399932861328,153.05999755859375,152.96499633789062,153.0,,1726.0
2022-10-31 12:16:00-04:00,152.9375,153.1199951171875,152.9375,153.0,,13240.0
2022-10-31 12:17:00-04:00,153.0,153.13999938964844,153.0,153.02340698242188,,7760.0
2022-10-31 12:18:00-04:00,153.10000610351562,153.14439392089844,153.02999877929688,153.11000061035156,,5333.0
2022-10-31 12:19:00-04:00,153.10499572753906,153.1300048828125,152.8800048828125,152.97999572753906,,4419.0
2022-10-31 12:20:00-04:00,152.8800048828125,152.89999389648438,152.8000030517578,152.88999938964844,,1216.0
2022-10-31 12:21:00-04:00,153.0500030517578,153.14999389648438,152.92999267578125,153.10000610351562,,2933.0
2022-10-31 12:22:00-04:00,153.16000366210938,153.1699981689453,153.00999450683594,153.13999938964844,,6293.0
2022-10-31 12:23:00-04:00,153.125,153.14999389648438,153.00999450683594,153.05430603027344,,2071.0
2022-10-31 12:24:00-04:00,153.05499267578125,153.11000061035156,153.05499267578125,153.11000061035156,,1078.0
2022-10-31 12:25:00-04:00,153.08999633789062,153.08999633789062,152.75,152.75,,3860.0
2022-10-31 12:26:00-04:00,152.8000030517578,152.8350067138672,152.64500427246094,152.64500427246094,,1824.0
2022-10-31 12:27:00-04:00,152.69000244140625,152.6999969482422,152.5,152.66000366210938,,7016.0
2022-10-31 12:28:00-04:00,152.59609985351562,152.59609985351562,152.4600067138672,152.4600067138672,,1175.0
2022-10-31 12:29:00-04:00,152.51499938964844,152.55999755859375,152.4600067138672,152.4600067138672,,1577.0
2022-10-31 12:30:00-04:00,152.4503936767578,152.4503936767578,152.25,152.27999877929688,,5893.0
2022-10-31 12:31:00-04:00,152.24000549316406,152.25,152.0384063720703,152.0384063720703,,10937.0
2022-10-31 12:32:00-04:00,151.88999938964844,152.02999877929688,151.75,151.95289611816406,,8746.0
2022-10-31 12:33:00-04:00,152.0800018310547,152.0800018310547,151.9748992919922,151.97999572753906,,1971.0
2022-10-31 12:34:00-04:00,152.0648956298828,152.0648956298828,151.66000366210938,151.91000366210938,,6888.0
2022-10-31 12:35:00-04:00,151.88999938964844,151.9600067138672,151.50999450683594,151.92999267578125,,15662.0
2022-10-31 12:36:00-04:00,152.00259399414062,152.02999877929688,151.88999938964844,151.88999938964844,,1613.0
2022-10-31 12:37:00-04:00,151.86000061035156,152.0800018310547,151.86000061035156,151.88999938964844,,2668.0
2022-10-31 12:38:00-04:00,151.9499969482422,152.0449981689453,151.9199981689453,151.9199981689453,,2941.0
2022-10-31 12:39:00-04:00,151.9550018310547,152.02999877929688,151.88999938964844,152.02999877929688,,3810.0
2022-10-31 12:40:00-04:00,151.9821014404297,152.2899932861328,151.92999267578125,152.1699981689453,,6558.0
2022-10-31 12:41:00-04:00,152.1649932861328,152.1649932861328,151.9499969482422,151.9781951904297,,5126.0
2022-10-31 12:42:00-04:00,151.92999267578125,152.02999877929688,151.8800048828125,151.96499633789062,,8529.0
2022-10-31 12:43:00-04:00,151.92449951171875,151.9600067138672,151.64999389648438,151.78500366210938,,10900.0
2022-10-31 12:44:00-04:00,151.77000427246094,151.77999877929688,151.77000427246094,151.77999877929688,,1102.0
2022-10-31 12:45:00-04:00,151.8699951171875,151.8699951171875,151.64999389648438,151.69000244140625,,3052.0
2022-10-31 12:46:00-04:00,151.6999969482422,151.74000549316406,151.61000061035156,151.6300048828125,,3289.0
2022-10-31 12:47:00-04:00,151.59779357910156,151.59779357910156,151.3101043701172,151.3350067138672,,10472.0
2022-10-31 12:48:00-04:00,151.33999633789062,151.39990234375,151.10000610351562,151.39990234375,,36838.0
2022-10-31 12:49:00-04:00,151.35499572753906,151.44000244140625,151.3300018310547,151.3300018310547,,5574.0
2022-10-31 12:50:00-04:00,151.22999572753906,151.5,151.22999572753906,151.5,,1635.0
2022-10-31 12:51:00-04:00,151.4600067138672,151.4949951171875,151.33999633789062,151.39999389648438,,5771.0
2022-10-31 12:52:00-04:00,151.34719848632812,151.39999389648438,151.25,151.26499938964844,,5130.0
2022-10-31 12:53:00-04:00,151.28250122070312,151.2899932861328,151.00999450683594,151.00999450683594,,5588.0
2022-10-31 12:54:00-04:00,151.07000732421875,151.0800018310547,150.9499969482422,150.98500061035156,,5527.0
2022-10-31 12:55:00-04:00,150.98500061035156,151.1199951171875,150.9499969482422,151.0399932861328,,6454.0
2022-10-31 12:56:00-04:00,151.09730529785156,151.30999755859375,151.09730529785156,151.24249267578125,,5244.0
2022-10-31 12:57:00-04:00,151.26499938964844,151.26499938964844,151.11000061035156,151.1555938720703,,2416.0
2022-10-31 12:58:00-04:00,151.05999755859375,151.1300048828125,151.02499389648438,151.1300048828125,,2650.0
2022-10-31 12:59:00-04:00,151.02999877929688,151.02999877929688,150.80999755859375,150.97999572753906,,3183.0
2022-10-31 13:00:00-04:00,150.92999267578125,151.00970458984375,150.92999267578125,151.0028076171875,,4319.0
2022-10-31 13:01:00-04:00,151.00750732421875,151.00750732421875,150.91000366210938,150.94500732421875,,2326.0
2022-10-31 13:02:00-04:00,151.06500244140625,151.0800018310547,150.92999267578125,150.94000244140625,,4801.0
2022-10-31 13:03:00-04:00,150.88999938964844,150.89999389648438,150.85000610351562,150.89999389648438,,3356.0
2022-10-31 13:04:00-04:00,150.94500732421875,150.94500732421875,150.85000610351562,150.85000610351562,,4537.0
2022-10-31 13:05:00-04:00,150.7899932861328,150.7899932861328,150.6199951171875,150.7061004638672,,6216.0
2022-10-31 13:06:00-04:00,150.77999877929688,150.9499969482422,150.77999877929688,150.9499969482422,,2754.0
2022-10-31 13:07:00-04:00,150.8699951171875,150.97000122070312,150.80999755859375,150.9600067138672,,3220.0
2022-10-31 13:08:00-04:00,150.9600067138672,151.35499572753906,150.9600067138672,151.35499572753906,,6076.0
2022-10-31 13:09:00-04:00,151.30999755859375,151.32000732421875,151.2899932861328,151.2899932861328,,1703.0
2022-10-31 13:10:00-04:00,151.25999450683594,151.3000030517578,151.17999267578125,151.27999877929688,,3903.0
2022-10-31 13:11:00-04:00,151.26499938964844,151.27000427246094,151.00999450683594,151.12750244140625,,1547.0
2022-10-31 13:12:00-04:00,151.12249755859375,151.21499633789062,151.12249755859375,151.13999938964844,,3796.0
2022-10-31 13:13:00-04:00,151.14999389648438,151.14999389648438,151.02999877929688,151.0800018310547,,2981.0
2022-10-31 13:14:00-04:00,151.13999938964844,151.13999938964844,151.0399932861328,151.13499450683594,,3440.0
2022-10-31 13:15:00-04:00,151.1699981689453,151.25,151.08999633789062,151.25,,3842.0
2022-10-31 13:16:00-04:00,151.3000030517578,151.5,151.25010681152344,151.4199981689453,,6994.0
2022-10-31 13:17:00-04:00,151.4499969482422,151.52000427246094,151.3699951171875,151.44000244140625,,5942.0
2022-10-31 13:18:00-04:00,151.4499969482422,151.5500030517578,151.44000244140625,151.4506072998047,,5386.0
2022-10-31 13:19:00-04:00,151.4499969482422,151.58999633789062,151.42999267578125,151.58999633789062,,3955.0
2022-10-31 13:20:00-04:00,151.50999450683594,151.69000244140625,151.50999450683594,151.69000244140625,,3182.0
2022-10-31 13:21:00-04:00,151.69810485839844,151.75,151.69810485839844,151.7449951171875,,5352.0
2022-10-31 13:22:00-04:00,151.7790069580078,151.8000030517578,151.52999877929688,151.55999755859375,,6579.0
2022-10-31 13:23:00-04:00,151.61000061035156,151.69000244140625,151.61000061035156,151.69000244140625,,2624.0
2022-10-31 13:24:00-04:00,151.72000122070312,151.78790283203125,151.63999938964844,151.66000366210938,,3789.0
2022-10-31 13:25:00-04:00,151.66000366210938,151.66000366210938,151.55999755859375,151.61000061035156,,2718.0
2022-10-31 13:26:00-04:00,151.6199951171875,151.6199951171875,151.52000427246094,151.52000427246094,,1520.0
2022-10-31 13:27:00-04:00,151.5800018310547,151.58999633789062,151.5,151.5,,765.0
2022-10-31 13:28:00-04:00,151.52000427246094,151.6199951171875,151.5,151.5,,4597.0
2022-10-31 13:29:00-04:00,151.5800018310547,151.7899932861328,151.5800018310547,151.6999969482422,,3750.0
2022-10-31 13:30:00-04:00,151.69000244140625,151.77999877929688,151.6699981689453,151.6699981689453,,2822.0
2022-10-31 13:31:00-04:00,151.6199951171875,151.6199951171875,151.51499938964844,151.60000610351562,,4033.0
2022-10-31 13:32:00-04:00,151.63999938964844,151.6699981689453,151.6300048828125,151.6300048828125,,2183.0
2022-10-31 13:34:00-04:00,151.63999938964844,151.63999938964844,151.62069702148438,151.63499450683594,,2784.0
2022-10-31 13:35:00-04:00,151.72999572753906,151.72999572753906,151.72999572753906,151.72999572753906,,3533.0
2022-10-31 13:36:00-04:00,151.6999969482422,151.83999633789062,151.67999267578125,151.7200927734375,,5260.0
2022-10-31 13:37:00-04:00,151.77000427246094,151.89999389648438,151.7301025390625,151.89999389648438,,6089.0
2022-10-31 13:38:00-04:00,151.89999389648438,152.0800018310547,151.89999389648438,152.0500030517578,,7096.0
2022-10-31 13:39:00-04:00,151.98240661621094,152.11000061035156,151.98240661621094,152.11000061035156,,2498.0
2022-10-31 13:40:00-04:00,152.06129455566406,152.06129455566406,151.99000549316406,152.02000427246094,,4317.0
2022-10-31 13:41:00-04:00,151.97000122070312,152.02000427246094,151.91000366210938,151.91000366210938,,9155.0
2022-10-31 13:42:00-04:00,151.9949951171875,151.9949951171875,151.91000366210938,151.9199981689453,,3231.0
2022-10-31 13:43:00-04:00,151.91000366210938,151.9199981689453,151.66000366210938,151.6999969482422,,2597.0
2022-10-31 13:44:00-04:00,151.6300048828125,151.74000549316406,151.57000732421875,151.74000549316406,,3462.0
2022-10-31 13:45:00-04:00,151.64999389648438,151.74000549316406,151.60000610351562,151.60000610351562,,1493.0
2022-10-31 13:46:00-04:00,151.60000610351562,151.6300048828125,151.50999450683594,151.50999450683594,,2137.0
2022-10-31 13:47:00-04:00,151.66000366210938,151.75999450683594,151.57000732421875,151.57000732421875,,4313.0
2022-10-31 13:48:00-04:00,151.50799560546875,151.6699981689453,151.25,151.5,,12742.0
2022-10-31 13:49:00-04:00,151.39999389648438,151.6199951171875,151.39999389648438,151.58999633789062,,10012.0
2022-10-31 13:50:00-04:00,151.57550048828125,151.63999938964844,151.4600067138672,151.4600067138672,,9976.0
2022-10-31 13:51:00-04:00,151.39999389648438,151.39999389648438,151.0,151.0800018310547,,2530.0
2022-10-31 13:52:00-04:00,150.99000549316406,151.0782012939453,150.9600067138672,150.97000122070312,,1431.0
2022-10-31 13:53:00-04:00,150.9210968017578,150.97999572753906,150.91000366210938,150.9600067138672,,1333.0
2022-10-31 13:54:00-04:00,150.9600067138672,151.0399932861328,150.9405975341797,150.98500061035156,,4619.0
2022-10-31 13:55:00-04:00,150.99000549316406,151.02999877929688,150.99000549316406,151.00999450683594,,1831.0
2022-10-31 13:56:00-04:00,150.99000549316406,151.07000732421875,150.92999267578125,150.99000549316406,,7537.0
2022-10-31 13:57:00-04:00,150.9199981689453,150.9600067138672,150.82000732421875,150.93499755859375,,4086.0
2022-10-31 13:58:00-04:00,150.93499755859375,150.93499755859375,150.87840270996094,150.9250030517578,,2643.0
2022-10-31 13:59:00-04:00,150.90499877929688,151.13999938964844,150.90499877929688,151.11000061035156,,2961.0
2022-10-31 14:00:00-04:00,151.11000061035156,151.16000366210938,151.0,151.0500030517578,,6966.0
2022-10-31 14:01:00-04:00,151.02999877929688,151.0800018310547,151.02999877929688,151.0800018310547,,2266.0
2022-10-31 14:02:00-04:00,151.08999633789062,151.08999633789062,150.97000122070312,151.0749969482422,,4290.0
2022-10-31 14:03:00-04:00,151.0749969482422,151.11000061035156,151.0749969482422,151.11000061035156,,1805.0
2022-10-31 14:04:00-04:00,151.11000061035156,151.13499450683594,151.11000061035156,151.13499450683594,,1952.0
2022-10-31 14:05:00-04:00,151.15499877929688,151.15499877929688,151.05999755859375,151.10499572753906,,1912.0
2022-10-31 14:06:00-04:00,151.05999755859375,151.22000122070312,151.05999755859375,151.22000122070312,,2721.0
2022-10-31 14:07:00-04:00,151.19000244140625,151.19000244140625,151.0749969482422,151.0749969482422,,7425.0
2022-10-31 14:08:00-04:00,151.08999633789062,151.08999633789062,151.05999755859375,151.05999755859375,,1603.0
2022-10-31 14:09:00-04:00,151.00999450683594,151.06430053710938,150.91009521484375,150.97320556640625,,3737.0
2022-10-31 14:10:00-04:00,150.91000366210938,150.9149932861328,150.86000061035156,150.86000061035156,,1758.0
2022-10-31 14:11:00-04:00,150.8000030517578,150.8000030517578,150.64999389648438,150.67999267578125,,3211.0
2022-10-31 14:12:00-04:00,150.7100067138672,150.80999755859375,150.6699981689453,150.75999450683594,,1205.0
2022-10-31 14:13:00-04:00,150.8000030517578,151.0,150.8000030517578,151.0,,4186.0
2022-10-31 14:14:00-04:00,150.9893035888672,151.02499389648438,150.9893035888672,151.02499389648438,,2229.0
2022-10-31 14:15:00-04:00,150.9600067138672,151.0449981689453,150.9600067138672,151.02499389648438,,2008.0
2022-10-31 14:16:00-04:00,151.10000610351562,151.19000244140625,150.97999572753906,150.97999572753906,,6698.0
2022-10-31 14:17:00-04:00,150.97999572753906,150.97999572753906,150.84080505371094,150.84080505371094,,5394.0
2022-10-31 14:18:00-04:00,150.9279022216797,151.01910400390625,150.84109497070312,150.97999572753906,,7564.0
2022-10-31 14:19:00-04:00,151.02999877929688,151.1300048828125,151.02999877929688,151.10000610351562,,3753.0
2022-10-31 14:20:00-04:00,151.10000610351562,151.1699981689453,151.00999450683594,151.1699981689453,,4797.0
2022-10-31 14:21:00-04:00,151.06759643554688,151.2310028076172,151.06759643554688,151.2310028076172,,4907.0
2022-10-31 14:22:00-04:00,151.17999267578125,151.17999267578125,150.97999572753906,151.08990478515625,,6340.0
2022-10-31 14:23:00-04:00,151.03500366210938,151.0800018310547,150.97999572753906,151.02999877929688,,3220.0
2022-10-31 14:24:00-04:00,151.01499938964844,151.01499938964844,150.9199981689453,150.98989868164062,,2536.0
2022-10-31 14:25:00-04:00,150.99000549316406,151.02999877929688,150.97500610351562,151.01499938964844,,993.0
2022-10-31 14:26:00-04:00,151.0,151.02499389648438,150.9600067138672,151.01930236816406,,1495.0
2022-10-31 14:27:00-04:00,151.07000732421875,151.10000610351562,151.06500244140625,151.10000610351562,,2524.0
2022-10-31 14:28:00-04:00,151.1199951171875,151.16000366210938,151.02999877929688,151.02999877929688,,3767.0
2022-10-31 14:29:00-04:00,151.15499877929688,151.15499877929688,151.11000061035156,151.11000061035156,,2643.0
2022-10-31 14:30:00-04:00,151.07000732421875,151.1300048828125,150.9499969482422,151.0850067138672,,4028.0
2022-10-31 14:31:00-04:00,151.1199951171875,151.1999969482422,151.0500030517578,151.18389892578125,,2916.0
2022-10-31 14:32:00-04:00,151.18499755859375,151.18499755859375,151.14500427246094,151.14999389648438,,1019.0
2022-10-31 14:33:00-04:00,151.17999267578125,151.32000732421875,151.17999267578125,151.2550048828125,,2240.0
2022-10-31 14:34:00-04:00,151.24000549316406,151.24000549316406,151.16000366210938,151.23300170898438,,3941.0
2022-10-31 14:35:00-04:00,151.14999389648438,151.2100067138672,151.1300048828125,151.1685028076172,,3219.0
2022-10-31 14:36:00-04:00,151.17999267578125,151.25,151.16000366210938,151.22500610351562,,4853.0
2022-10-31 14:37:00-04:00,151.13999938964844,151.4199981689453,151.13999938964844,151.36000061035156,,5337.0
2022-10-31 14:38:00-04:00,151.2899932861328,151.49989318847656,151.2899932861328,151.49000549316406,,2154.0
2022-10-31 14:39:00-04:00,151.48849487304688,151.53500366210938,151.4499969482422,151.4499969482422,,1424.0
2022-10-31 14:40:00-04:00,151.50999450683594,151.50999450683594,151.38999938964844,151.44000244140625,,3660.0
2022-10-31 14:41:00-04:00,151.4499969482422,151.4600067138672,151.4499969482422,151.4600067138672,,392.0
2022-10-31 14:42:00-04:00,151.41000366210938,151.4600067138672,151.3000030517578,151.3000030517578,,7250.0
2022-10-31 14:43:00-04:00,151.30999755859375,151.5637969970703,151.30999755859375,151.5637969970703,,5738.0
2022-10-31 14:44:00-04:00,151.52000427246094,151.52999877929688,151.5,151.50999450683594,,2674.0
2022-10-31 14:45:00-04:00,151.52000427246094,151.5399932861328,151.4499969482422,151.4499969482422,,2523.0
2022-10-31 14:46:00-04:00,151.4199981689453,151.4499969482422,151.4149932861328,151.4250030517578,,973.0
2022-10-31 14:47:00-04:00,151.42999267578125,151.42999267578125,151.36399841308594,151.41000366210938,,5773.0
2022-10-31 14:48:00-04:00,151.33999633789062,151.33999633789062,151.0500030517578,151.05499267578125,,5927.0
2022-10-31 14:49:00-04:00,151.05999755859375,151.11000061035156,150.8300018310547,150.9199981689453,,5811.0
2022-10-31 14:50:00-04:00,151.0399932861328,151.05999755859375,150.97500610351562,150.97500610351562,,1061.0
2022-10-31 14:51:00-04:00,150.9199981689453,151.0,150.88999938964844,150.9550018310547,,4664.0
2022-10-31 14:52:00-04:00,150.89999389648438,151.1699981689453,150.89999389648438,151.14500427246094,,8255.0
2022-10-31 14:53:00-04:00,151.13999938964844,151.1699981689453,151.10000610351562,151.1199951171875,,3120.0
2022-10-31 14:54:00-04:00,151.10000610351562,151.11669921875,151.07000732421875,151.0800018310547,,3565.0
2022-10-31 14:55:00-04:00,151.05999755859375,151.10000610351562,151.0500030517578,151.0749969482422,,3838.0
2022-10-31 14:56:00-04:00,151.1300048828125,151.19000244140625,151.1300048828125,151.1750030517578,,3667.0
2022-10-31 14:57:00-04:00,151.1199951171875,151.13450622558594,151.02999877929688,151.02999877929688,,2826.0
2022-10-31 14:58:00-04:00,151.0399932861328,151.0399932861328,150.8000030517578,150.8000030517578,,7374.0
2022-10-31 14:59:00-04:00,150.83999633789062,150.9499969482422,150.75999450683594,150.9499969482422,,7448.0
2022-10-31 15:00:00-04:00,150.76170349121094,150.80999755859375,150.75999450683594,150.75999450683594,,6603.0
2022-10-31 15:01:00-04:00,150.75999450683594,150.85000610351562,150.75999450683594,150.80999755859375,,5028.0
2022-10-31 15:02:00-04:00,150.75999450683594,150.8000030517578,150.52000427246094,150.60499572753906,,8391.0
2022-10-31 15:03:00-04:00,150.52999877929688,150.52999877929688,150.44000244140625,150.4600067138672,,4776.0
2022-10-31 15:04:00-04:00,150.4600067138672,150.52999877929688,150.25999450683594,150.2899932861328,,12731.0
2022-10-31 15:05:00-04:00,150.27999877929688,150.30999755859375,150.1300048828125,150.1750030517578,,11216.0
2022-10-31 15:06:00-04:00,150.16000366210938,150.27999877929688,150.1199951171875,150.1999969482422,,12980.0
2022-10-31 15:07:00-04:00,150.14999389648438,150.1999969482422,150.0850067138672,150.0850067138672,,5201.0
2022-10-31 15:08:00-04:00,150.10000610351562,150.10000610351562,149.8300018310547,149.97999572753906,,9963.0
2022-10-31 15:09:00-04:00,149.91000366210938,150.0500030517578,149.8300018310547,150.0050048828125,,10172.0
2022-10-31 15:10:00-04:00,150.0,150.27000427246094,149.97000122070312,150.27000427246094,,17145.0
2022-10-31 15:11:00-04:00,150.25999450683594,150.33999633789062,150.1300048828125,150.16000366210938,,9056.0
2022-10-31 15:12:00-04:00,150.16000366210938,150.19000244140625,150.11000061035156,150.14999389648438,,6651.0
2022-10-31 15:13:00-04:00,150.19000244140625,150.4394989013672,150.19000244140625,150.4394989013672,,3446.0
2022-10-31 15:14:00-04:00,150.44000244140625,150.49000549316406,150.3300018310547,150.38999938964844,,4700.0
2022-10-31 15:15:00-04:00,150.4499969482422,150.55999755859375,150.4499969482422,150.5,,3574.0
2022-10-31 15:16:00-04:00,150.6199951171875,150.64999389648438,150.5800018310547,150.5800018310547,,1055.0
2022-10-31 15:17:00-04:00,150.47000122070312,150.47000122070312,150.27499389648438,150.2949981689453,,15337.0
2022-10-31 15:18:00-04:00,150.375,150.5,150.35499572753906,150.4550018310547,,4000.0
2022-10-31 15:19:00-04:00,150.52999877929688,150.5800018310547,150.4600067138672,150.49000549316406,,13655.0
2022-10-31 15:20:00-04:00,150.5050048828125,150.5050048828125,150.42010498046875,150.42010498046875,,3257.0
2022-10-31 15:21:00-04:00,150.4875946044922,150.60000610351562,150.41000366210938,150.55499267578125,,5199.0
2022-10-31 15:22:00-04:00,150.625,150.8699951171875,150.625,150.8000030517578,,6543.0
2022-10-31 15:23:00-04:00,150.83250427246094,150.89999389648438,150.7899932861328,150.8000030517578,,11380.0
2022-10-31 15:24:00-04:00,150.7899932861328,150.8249969482422,150.6199951171875,150.6199951171875,,9192.0
2022-10-31 15:25:00-04:00,150.63609313964844,150.78500366210938,150.63609313964844,150.74000549316406,,9362.0
2022-10-31 15:26:00-04:00,150.78500366210938,150.7899932861328,150.55999755859375,150.6199951171875,,9955.0
2022-10-31 15:27:00-04:00,150.64999389648438,150.72000122070312,150.61019897460938,150.64999389648438,,3228.0
2022-10-31 15:28:00-04:00,150.63999938964844,150.67999267578125,150.4949951171875,150.4949951171875,,4072.0
2022-10-31 15:29:00-04:00,150.5500030517578,150.6999969482422,150.53500366210938,150.64999389648438,,2621.0
2022-10-31 15:30:00-04:00,150.52000427246094,150.61500549316406,150.4600067138672,150.50999450683594,,9564.0
2022-10-31 15:31:00-04:00,150.52999877929688,150.72000122070312,150.52999877929688,150.72000122070312,,7284.0
2022-10-31 15:32:00-04:00,150.75999450683594,150.94000244140625,150.72999572753906,150.8699951171875,,12411.0
2022-10-31 15:33:00-04:00,150.89999389648438,150.97999572753906,150.86000061035156,150.9550018310547,,7186.0
2022-10-31 15:34:00-04:00,150.9199981689453,151.0500030517578,150.91000366210938,151.0500030517578,,4153.0
2022-10-31 15:35:00-04:00,151.1199951171875,151.14999389648438,150.99000549316406,150.99000549316406,,10283.0
2022-10-31 15:36:00-04:00,150.97999572753906,151.03500366210938,150.9550018310547,150.9550018310547,,2659.0
2022-10-31 15:37:00-04:00,150.9600067138672,151.0399932861328,150.9600067138672,151.02000427246094,,3832.0
2022-10-31 15:38:00-04:00,151.05999755859375,151.08999633789062,151.03500366210938,151.08999633789062,,3079.0
2022-10-31 15:39:00-04:00,151.08999633789062,151.1300048828125,151.0500030517578,151.08819580078125,,5820.0
2022-10-31 15:40:00-04:00,151.1199951171875,151.22689819335938,151.0800018310547,151.0800018310547,,9245.0
2022-10-31 15:41:00-04:00,151.0399932861328,151.04989624023438,150.88999938964844,150.94000244140625,,7650.0
2022-10-31 15:42:00-04:00,150.93499755859375,150.97000122070312,150.74000549316406,150.74000549316406,,9570.0
2022-10-31 15:43:00-04:00,150.72500610351562,150.75,150.60000610351562,150.7100067138672,,13752.0
2022-10-31 15:44:00-04:00,150.66000366210938,150.6699981689453,150.5749969482422,150.61500549316406,,4228.0
2022-10-31 15:45:00-04:00,150.6199951171875,150.72000122070312,150.5,150.51499938964844,,13319.0
2022-10-31 15:46:00-04:00,150.52000427246094,150.7100067138672,150.50999450683594,150.50999450683594,,4386.0
2022-10-31 15:47:00-04:00,150.52000427246094,150.5399932861328,150.3699951171875,150.3699951171875,,21685.0
2022-10-31 15:48:00-04:00,150.3699951171875,150.4777069091797,150.2899932861328,150.2899932861328,,11113.0
2022-10-31 15:49:00-04:00,150.2899932861328,150.2949981689453,150.13999938964844,150.13999938964844,,9897.0
2022-10-31 15:50:00-04:00,150.25999450683594,150.39999389648438,150.13999938964844,150.2050018310547,,20251.0
2022-10-31 15:51:00-04:00,150.11500549316406,150.19000244140625,150.0800018310547,150.10499572753906,,13911.0
2022-10-31 15:52:00-04:00,150.08999633789062,150.17999267578125,150.05999755859375,150.13999938964844,,25199.0
2022-10-31 15:53:00-04:00,150.1649932861328,150.1999969482422,150.05999755859375,150.06500244140625,,24458.0
2022-10-31 15:54:00-04:00,150.06500244140625,150.0800018310547,149.6199951171875,149.9600067138672,,72297.0
2022-10-31 15:55:00-04:00,149.97000122070312,150.0,149.8000030517578,149.8800048828125,,19212.0
2022-10-31 15:56:00-04:00,149.9499969482422,150.22999572753906,149.92999267578125,150.2050018310547,,30262.0
2022-10-31 15:57:00-04:00,150.2100067138672,150.2899932861328,150.0,150.22999572753906,,29152.0
2022-10-31 15:58:00-04:00,150.25999450683594,150.31500244140625,150.17349243164062,150.19000244140625,,28923.0
2022-10-31 15:59:00-04:00,150.14999389648438,150.4600067138672,150.14500427246094,150.3800048828125,,85969.0
2022-11-01 09:30:00-04:00,154.77000427246094,156.11000061035156,154.5500030517578,155.89889526367188,,213244.0
2022-11-01 09:33:00-04:00,157.1649932861328,158.00999450683594,157.1649932861328,157.80999755859375,,115433.0
2022-11-01 09:34:00-04:00,158.0,158.24000549316406,157.868896484375,157.97999572753906,,34091.0
2022-11-01 09:35:00-04:00,158.0,158.86000061035156,157.8000030517578,158.0,,44532.0
2022-11-01 09:36:00-04:00,158.25,158.5500030517578,157.90499877929688,158.5050048828125,,34410.0
2022-11-01 09:37:00-04:00,158.5,158.75,157.22500610351562,157.8000030517578,,18536.0
2022-11-01 09:38:00-04:00,157.5,157.52999877929688,156.6999969482422,156.80999755859375,,41529.0
2022-11-01 09:39:00-04:00,157.0,157.47999572753906,157.0,157.47999572753906,,18670.0
2022-11-01 09:40:00-04:00,158.14500427246094,158.1699981689453,158.1199951171875,158.1199951171875,,15709.0
2022-11-01 09:41:00-04:00,156.77000427246094,157.32000732421875,156.72999572753906,157.32000732421875,,30078.0
2022-11-01 09:42:00-04:00,157.0,157.49000549316406,156.93739318847656,157.2445068359375,,18216.0
2022-11-01 09:43:00-04:00,157.25,157.49000549316406,157.1699981689453,157.4499969482422,,6938.0
2022-11-01 09:44:00-04:00,157.0,157.14999389648438,157.0,157.0800018310547,,25404.0
2022-11-01 09:45:00-04:00,157.0,157.0,156.36000061035156,156.52999877929688,,27390.0
2022-11-01 09:46:00-04:00,157.0,157.00999450683594,156.8000030517578,157.0,,32795.0
2022-11-01 09:47:00-04:00,156.875,156.875,156.5800018310547,156.5800018310547,,15465.0
2022-11-01 09:48:00-04:00,156.5,156.7100067138672,156.2534942626953,156.2534942626953,,11061.0
2022-11-01 09:49:00-04:00,156.63999938964844,156.7449951171875,156.17999267578125,156.7449951171875,,13108.0
2022-11-01 09:50:00-04:00,156.63999938964844,156.89999389648438,156.25999450683594,156.39999389648438,,21436.0
2022-11-01 09:51:00-04:00,156.44000244140625,156.57000732421875,156.22000122070312,156.52000427246094,,17988.0
2022-11-01 09:52:00-04:00,156.56500244140625,157.2100067138672,156.5500030517578,157.2100067138672,,33098.0
2022-11-01 09:53:00-04:00,157.15899658203125,157.24000549316406,156.58999633789062,156.65249633789062,,11965.0
2022-11-01 09:54:00-04:00,156.7050018310547,156.8000030517578,156.19000244140625,156.45989990234375,,23876.0
2022-11-01 09:55:00-04:00,156.27000427246094,156.50999450683594,156.17999267578125,156.44000244140625,,10206.0
2022-11-01 09:56:00-04:00,156.17999267578125,156.33999633789062,156.0800018310547,156.22999572753906,,16375.0
2022-11-01 09:57:00-04:00,156.37570190429688,156.3990020751953,156.1999969482422,156.30499267578125,,7331.0
2022-11-01 09:58:00-04:00,156.39999389648438,157.11000061035156,156.19009399414062,156.47999572753906,,50696.0
2022-11-01 09:59:00-04:00,156.4199981689453,156.45790100097656,155.60000610351562,155.8699951171875,,34682.0
2022-11-01 10:00:00-04:00,155.8300018310547,156.00999450683594,154.51499938964844,154.9600067138672,,33757.0
2022-11-01 10:01:00-04:00,154.91000366210938,155.37330627441406,154.50999450683594,155.22500610351562,,18928.0
2022-11-01 10:02:00-04:00,155.14999389648438,155.21499633789062,154.7100067138672,154.8000030517578,,12424.0
2022-11-01 10:03:00-04:00,154.6999969482422,155.1199951171875,154.49000549316406,154.9499969482422,,14953.0
2022-11-01 10:04:00-04:00,155.0,155.0,154.38009643554688,154.52999877929688,,19523.0
2022-11-01 10:05:00-04:00,154.4199981689453,155.0,154.4199981689453,154.6501007080078,,12264.0
2022-11-01 10:06:00-04:00,154.6719970703125,154.75999450683594,154.44000244140625,154.47120666503906,,12187.0
2022-11-01 10:07:00-04:00,154.49090576171875,154.5,153.96499633789062,154.1199951171875,,8927.0
2022-11-01 10:08:00-04:00,153.97999572753906,154.18499755859375,153.8300018310547,153.97250366210938,,12805.0
2022-11-01 10:09:00-04:00,153.88009643554688,154.0399932861328,153.7100067138672,153.75999450683594,,7469.0
2022-11-01 10:10:00-04:00,153.72999572753906,154.16000366210938,153.61000061035156,154.13499450683594,,11832.0
2022-11-01 10:11:00-04:00,154.20140075683594,154.41140747070312,154.05999755859375,154.1999969482422,,5453.0
2022-11-01 10:12:00-04:00,154.08999633789062,154.17999267578125,153.72000122070312,153.75,,5408.0
2022-11-01 10:13:00-04:00,153.52000427246094,154.19000244140625,153.43499755859375,154.13999938964844,,6567.0
2022-11-01 10:14:00-04:00,154.13999938964844,154.25999450683594,154.0800018310547,154.2100067138672,,1831.0
2022-11-01 10:15:00-04:00,154.43499755859375,154.85000610351562,154.43499755859375,154.64999389648438,,7093.0
2022-11-01 10:16:00-04:00,154.77000427246094,155.0800018310547,154.64010620117188,155.0,,9547.0
2022-11-01 10:17:00-04:00,155.11000061035156,155.6300048828125,155.0522003173828,155.39999389648438,,13464.0
2022-11-01 10:18:00-04:00,155.39999389648438,156.00999450683594,155.39999389648438,155.9600067138672,,21569.0
2022-11-01 10:19:00-04:00,155.8800048828125,156.0,155.4600067138672,155.4600067138672,,42845.0
2022-11-01 10:20:00-04:00,155.4600067138672,155.9499969482422,155.19000244140625,155.6999969482422,,11447.0
2022-11-01 10:21:00-04:00,155.8249969482422,156.4600067138672,155.7100067138672,156.24000549316406,,16689.0
2022-11-01 10:22:00-04:00,156.22000122070312,156.65989685058594,156.22000122070312,156.52059936523438,,13780.0
2022-11-01 10:23:00-04:00,156.4600067138672,156.91000366210938,156.4600067138672,156.70550537109375,,7991.0
2022-11-01 10:24:00-04:00,156.57000732421875,156.67410278320312,156.0200958251953,156.07000732421875,,11670.0
2022-11-01 10:25:00-04:00,156.0500030517578,156.0500030517578,155.66000366210938,155.77000427246094,,4905.0
2022-11-01 10:26:00-04:00,155.77000427246094,155.8000030517578,155.55999755859375,155.69000244140625,,10459.0
2022-11-01 10:27:00-04:00,155.61549377441406,155.8699951171875,155.4199981689453,155.8699951171875,,19844.0
2022-11-01 10:28:00-04:00,155.67999267578125,155.83999633789062,155.51010131835938,155.77000427246094,,6540.0
2022-11-01 10:29:00-04:00,155.69000244140625,156.10000610351562,155.69000244140625,155.80499267578125,,12929.0
2022-11-01 10:30:00-04:00,155.72000122070312,155.7899932861328,155.5800018310547,155.78500366210938,,5351.0
2022-11-01 10:31:00-04:00,155.81500244140625,156.1417999267578,155.7050018310547,156.13999938964844,,28532.0
2022-11-01 10:32:00-04:00,156.00999450683594,156.22000122070312,156.00999450683594,156.03379821777344,,6747.0
2022-11-01 10:33:00-04:00,156.11000061035156,156.3699951171875,155.99000549316406,156.27000427246094,,17416.0
2022-11-01 10:34:00-04:00,156.19000244140625,156.72000122070312,156.1300048828125,156.65499877929688,,13545.0
2022-11-01 10:35:00-04:00,156.72999572753906,156.8000030517578,156.5399932861328,156.5399932861328,,11204.0
2022-11-01 10:36:00-04:00,156.6300048828125,156.72999572753906,156.47720336914062,156.6699981689453,,7034.0
2022-11-01 10:37:00-04:00,156.56500244140625,156.60000610351562,156.0301971435547,156.0301971435547,,6321.0
2022-11-01 10:38:00-04:00,156.02999877929688,156.0850067138672,155.82000732421875,155.87449645996094,,6317.0
2022-11-01 10:39:00-04:00,155.80999755859375,155.83999633789062,155.00999450683594,155.10000610351562,,14847.0
2022-11-01 10:40:00-04:00,155.19500732421875,155.21499633789062,154.66000366210938,154.85499572753906,,14719.0
2022-11-01 10:41:00-04:00,154.80499267578125,154.80499267578125,154.44000244140625,154.5500030517578,,13734.0
2022-11-01 10:42:00-04:00,154.5800018310547,154.89999389648438,154.5500030517578,154.86000061035156,,9306.0
2022-11-01 10:43:00-04:00,154.89999389648438,155.0,154.1573944091797,154.23719787597656,,14092.0
2022-11-01 10:44:00-04:00,154.22999572753906,154.24000549316406,153.89999389648438,154.0500030517578,,9607.0
2022-11-01 10:45:00-04:00,154.05999755859375,154.52000427246094,153.9600067138672,154.30999755859375,,9927.0
2022-11-01 10:46:00-04:00,154.19000244140625,154.52999877929688,154.19000244140625,154.38999938964844,,7572.0
2022-11-01 10:47:00-04:00,154.24000549316406,154.38999938964844,153.88999938964844,153.99000549316406,,6470.0
2022-11-01 10:48:00-04:00,154.0,154.1199951171875,153.89999389648438,154.00999450683594,,6118.0
2022-11-01 10:49:00-04:00,153.89999389648438,154.1999969482422,153.82000732421875,154.1999969482422,,5754.0
2022-11-01 10:50:00-04:00,154.13999938964844,154.13999938964844,153.88499450683594,154.00999450683594,,5602.0
2022-11-01 10:51:00-04:00,153.9600067138672,153.9600067138672,153.610107421875,153.6750030517578,,5798.0
2022-11-01 10:52:00-04:00,153.6699981689453,153.7899932861328,153.61000061035156,153.7899932861328,,5777.0
2022-11-01 10:53:00-04:00,153.6999969482422,153.82989501953125,153.57000732421875,153.61500549316406,,10102.0
2022-11-01 10:54:00-04:00,153.6999969482422,153.9600067138672,153.6300048828125,153.83999633789062,,6631.0
2022-11-01 10:55:00-04:00,153.8300018310547,153.99000549316406,153.5500030517578,153.59500122070312,,9879.0
2022-11-01 10:56:00-04:00,153.58999633789062,153.77000427246094,153.57000732421875,153.625,,9877.0
2022-11-01 10:57:00-04:00,153.52000427246094,153.52000427246094,153.3300018310547,153.3300018310547,,7309.0
2022-11-01 10:58:00-04:00,153.3300018310547,153.35000610351562,152.59010314941406,152.60000610351562,,21057.0
2022-11-01 10:59:00-04:00,152.58999633789062,152.78990173339844,152.5500030517578,152.61000061035156,,4587.0
2022-11-01 11:00:00-04:00,153.02000427246094,153.15989685058594,152.94009399414062,153.15989685058594,,15261.0
2022-11-01 11:01:00-04:00,153.14999389648438,153.27999877929688,152.7899932861328,153.11500549316406,,14598.0
2022-11-01 11:02:00-04:00,153.1699981689453,153.28500366210938,153.08309936523438,153.28500366210938,,4514.0
2022-11-01 11:03:00-04:00,153.2899932861328,153.8300018310547,153.25,153.8300018310547,,9451.0
2022-11-01 11:04:00-04:00,153.66000366210938,153.87750244140625,153.39999389648438,153.4199981689453,,10634.0
2022-11-01 11:05:00-04:00,153.54440307617188,153.54440307617188,153.1999969482422,153.2050018310547,,6501.0
2022-11-01 11:06:00-04:00,153.19000244140625,153.27000427246094,152.85000610351562,152.86000061035156,,5227.0
2022-11-01 11:07:00-04:00,152.85499572753906,153.03500366210938,152.8000030517578,152.92999267578125,,11693.0
2022-11-01 11:08:00-04:00,152.8300018310547,152.9600067138672,152.7301025390625,152.9600067138672,,6266.0
2022-11-01 11:09:00-04:00,152.9949951171875,153.2100067138672,152.97999572753906,153.06500244140625,,7425.0
2022-11-01 11:10:00-04:00,153.05499267578125,153.4149932861328,153.05499267578125,153.35000610351562,,10744.0
2022-11-01 11:11:00-04:00,153.33999633789062,153.49000549316406,153.24000549316406,153.49000549316406,,3498.0
2022-11-01 11:12:00-04:00,153.375,153.7100067138672,153.375,153.7100067138672,,6727.0
2022-11-01 11:13:00-04:00,153.77999877929688,153.8800048828125,153.7449951171875,153.7449951171875,,4077.0
2022-11-01 11:14:00-04:00,153.72500610351562,153.8000030517578,153.63999938964844,153.8000030517578,,5732.0
2022-11-01 11:15:00-04:00,153.75999450683594,153.75999450683594,153.33999633789062,153.35000610351562,,8897.0
2022-11-01 11:16:00-04:00,153.43499755859375,153.7698974609375,153.43499755859375,153.69000244140625,,6187.0
2022-11-01 11:17:00-04:00,153.61000061035156,153.75,153.5,153.5,,4984.0
2022-11-01 11:18:00-04:00,153.50900268554688,153.5800018310547,153.22999572753906,153.22999572753906,,5043.0
2022-11-01 11:19:00-04:00,153.22999572753906,153.28500366210938,152.6728057861328,152.75999450683594,,13576.0
2022-11-01 11:20:00-04:00,152.77999877929688,152.77999877929688,152.50999450683594,152.61000061035156,,13745.0
2022-11-01 11:21:00-04:00,152.61000061035156,153.11000061035156,152.5500030517578,153.10499572753906,,12427.0
2022-11-01 11:22:00-04:00,153.02000427246094,153.02999877929688,152.86000061035156,152.97500610351562,,2415.0
2022-11-01 11:23:00-04:00,153.0,153.00999450683594,152.83999633789062,152.90499877929688,,15478.0
2022-11-01 11:24:00-04:00,152.90499877929688,152.90499877929688,152.61000061035156,152.7100067138672,,4743.0
2022-11-01 11:25:00-04:00,152.6199951171875,152.98500061035156,152.41000366210938,152.92999267578125,,14212.0
2022-11-01 11:26:00-04:00,152.99000549316406,153.08999633789062,152.9199981689453,152.94000244140625,,7421.0
2022-11-01 11:27:00-04:00,153.0,153.14999389648438,152.80999755859375,152.9499969482422,,9058.0
2022-11-01 11:28:00-04:00,152.82000732421875,153.27000427246094,152.82000732421875,153.19500732421875,,13130.0
2022-11-01 11:29:00-04:00,153.11000061035156,153.27000427246094,152.91029357910156,153.14999389648438,,14445.0
2022-11-01 11:30:00-04:00,153.2949981689453,153.60000610351562,153.2949981689453,153.5500030517578,,13167.0
2022-11-01 11:31:00-04:00,153.55499267578125,153.97999572753906,153.4499969482422,153.9250030517578,,13658.0
2022-11-01 11:32:00-04:00,153.86000061035156,153.86000061035156,153.63999938964844,153.7313995361328,,3885.0
2022-11-01 11:33:00-04:00,153.6732940673828,154.0500030517578,153.60000610351562,153.93069458007812,,8957.0
2022-11-01 11:34:00-04:00,153.9199981689453,154.0,153.83999633789062,153.97999572753906,,2910.0
2022-11-01 11:35:00-04:00,154.0500030517578,154.14999389648438,154.0,154.05999755859375,,8385.0
2022-11-01 11:36:00-04:00,154.07000732421875,154.08999633789062,153.80999755859375,153.80999755859375,,5348.0
2022-11-01 11:37:00-04:00,153.8699951171875,153.8800048828125,153.77499389648438,153.8800048828125,,2876.0
2022-11-01 11:38:00-04:00,153.9149932861328,153.9250030517578,153.63999938964844,153.77000427246094,,3673.0
2022-11-01 11:39:00-04:00,153.6699981689453,153.6699981689453,153.30130004882812,153.60000610351562,,10281.0
2022-11-01 11:40:00-04:00,153.60000610351562,153.82000732421875,153.5500030517578,153.8000030517578,,3658.0
2022-11-01 11:41:00-04:00,153.8000030517578,153.8000030517578,153.4600067138672,153.48500061035156,,6136.0
2022-11-01 11:42:00-04:00,153.51499938964844,153.6300048828125,153.5,153.6300048828125,,6358.0
2022-11-01 11:43:00-04:00,153.55999755859375,153.8350067138672,153.49349975585938,153.8350067138672,,7114.0
2022-11-01 11:44:00-04:00,153.8000030517578,154.125,153.52000427246094,153.52000427246094,,16010.0
2022-11-01 11:45:00-04:00,153.55999755859375,153.86000061035156,153.3800048828125,153.64999389648438,,19840.0
2022-11-01 11:46:00-04:00,153.72999572753906,153.9199981689453,153.72500610351562,153.88999938964844,,6029.0
2022-11-01 11:47:00-04:00,153.88999938964844,154.3000030517578,153.85000610351562,154.3000030517578,,11507.0
2022-11-01 11:48:00-04:00,154.20950317382812,154.42999267578125,154.17999267578125,154.39999389648438,,7911.0
2022-11-01 11:49:00-04:00,154.3300018310547,154.52999877929688,154.3000030517578,154.42999267578125,,9296.0
2022-11-01 11:50:00-04:00,154.36000061035156,154.52999877929688,154.33120727539062,154.42999267578125,,10936.0
2022-11-01 11:51:00-04:00,154.47000122070312,154.58999633789062,154.46249389648438,154.5850067138672,,11419.0
2022-11-01 11:52:00-04:00,154.61000061035156,154.6199951171875,154.47999572753906,154.5402069091797,,6619.0
2022-11-01 11:53:00-04:00,154.60000610351562,154.6999969482422,154.47999572753906,154.6999969482422,,9953.0
2022-11-01 11:54:00-04:00,154.64889526367188,155.14999389648438,154.57159423828125,155.13999938964844,,19651.0
2022-11-01 11:55:00-04:00,155.08999633789062,155.16009521484375,154.39999389648438,154.39999389648438,,31850.0
2022-11-01 11:56:00-04:00,154.52999877929688,154.69000244140625,154.43069458007812,154.6300048828125,,7217.0
2022-11-01 11:57:00-04:00,154.5811004638672,154.75,154.5050048828125,154.65499877929688,,7807.0
2022-11-01 11:58:00-04:00,154.60000610351562,154.66000366210938,154.55999755859375,154.58999633789062,,2762.0
2022-11-01 11:59:00-04:00,154.5749969482422,154.7299041748047,154.52999877929688,154.7299041748047,,5461.0
2022-11-01 12:00:00-04:00,154.72000122070312,154.72000122070312,154.41000366210938,154.60000610351562,,5462.0
2022-11-01 12:01:00-04:00,154.64999389648438,154.77000427246094,154.41009521484375,154.77000427246094,,8699.0
2022-11-01 12:02:00-04:00,154.64999389648438,154.6699981689453,154.44320678710938,154.58999633789062,,4123.0
2022-11-01 12:03:00-04:00,154.52999877929688,154.6300048828125,154.44000244140625,154.5500030517578,,5843.0
2022-11-01 12:04:00-04:00,154.61000061035156,154.77000427246094,154.57000732421875,154.57000732421875,,14118.0
2022-11-01 12:05:00-04:00,154.65870666503906,154.9199981689453,154.5800018310547,154.8800048828125,,31127.0
2022-11-01 12:06:00-04:00,154.9199981689453,155.5850067138672,154.86279296875,155.40139770507812,,21338.0
2022-11-01 12:07:00-04:00,155.38999938964844,155.52000427246094,155.16259765625,155.18499755859375,,6411.0
2022-11-01 12:08:00-04:00,155.2899932861328,155.2899932861328,155.0,155.0749969482422,,6729.0
2022-11-01 12:09:00-04:00,155.00999450683594,155.05999755859375,154.52999877929688,154.52999877929688,,7195.0
2022-11-01 12:10:00-04:00,154.7100067138672,154.8000030517578,154.67999267578125,154.7899932861328,,4051.0
2022-11-01 12:11:00-04:00,154.8000030517578,155.04299926757812,154.8000030517578,154.94500732421875,,27367.0
2022-11-01 12:12:00-04:00,154.62789916992188,154.67999267578125,154.4600067138672,154.4600067138672,,11186.0
2022-11-01 12:13:00-04:00,154.58999633789062,154.61000061035156,154.35000610351562,154.35000610351562,,5478.0
2022-11-01 12:14:00-04:00,154.4499969482422,154.58999633789062,154.39999389648438,154.56500244140625,,4783.0
2022-11-01 12:15:00-04:00,154.60650634765625,154.72000122070312,154.60000610351562,154.61000061035156,,5071.0
2022-11-01 12:16:00-04:00,154.52000427246094,154.57000732421875,154.39999389648438,154.41000366210938,,3585.0
2022-11-01 12:17:00-04:00,154.47999572753906,154.57000732421875,154.3800048828125,154.5218963623047,,9791.0
2022-11-01 12:18:00-04:00,154.5449981689453,154.69000244140625,154.47999572753906,154.625,,3333.0
2022-11-01 12:19:00-04:00,154.67999267578125,154.69000244140625,154.49000549316406,154.49000549316406,,3557.0
2022-11-01 12:20:00-04:00,154.57000732421875,154.67999267578125,154.47999572753906,154.52999877929688,,2364.0
2022-11-01 12:21:00-04:00,154.5749969482422,154.6699981689453,154.49000549316406,154.49000549316406,,1583.0
2022-11-01 12:22:00-04:00,154.57000732421875,154.63999938964844,154.4949951171875,154.5,,1916.0
2022-11-01 12:23:00-04:00,154.47999572753906,154.47999572753906,154.3300018310547,154.39999389648438,,10110.0
2022-11-01 12:24:00-04:00,154.30999755859375,154.3800048828125,154.0399932861328,154.0500030517578,,7004.0
2022-11-01 12:25:00-04:00,154.1199951171875,154.3000030517578,154.07000732421875,154.3000030517578,,2951.0
2022-11-01 12:26:00-04:00,154.1501007080078,154.3231964111328,154.1199951171875,154.3231964111328,,7129.0
2022-11-01 12:27:00-04:00,154.3699951171875,154.39999389648438,154.3249969482422,154.3249969482422,,3596.0
2022-11-01 12:28:00-04:00,154.39999389648438,154.39999389648438,154.24000549316406,154.39999389648438,,4467.0
2022-11-01 12:29:00-04:00,154.3699951171875,154.5800018310547,154.35000610351562,154.4199981689453,,9381.0
2022-11-01 12:30:00-04:00,154.57000732421875,154.65499877929688,154.52999877929688,154.65499877929688,,2482.0
2022-11-01 12:31:00-04:00,154.64999389648438,154.64999389648438,154.5,154.55999755859375,,6044.0
2022-11-01 12:32:00-04:00,154.60000610351562,154.60000610351562,154.4499969482422,154.5800018310547,,3049.0
2022-11-01 12:33:00-04:00,154.5399932861328,154.64999389648438,154.5,154.61000061035156,,3067.0
2022-11-01 12:34:00-04:00,154.55999755859375,154.63499450683594,154.47000122070312,154.63499450683594,,5500.0
2022-11-01 12:35:00-04:00,154.6298065185547,154.8560028076172,154.61000061035156,154.8094024658203,,7546.0
2022-11-01 12:36:00-04:00,154.6999969482422,154.6999969482422,154.24000549316406,154.24000549316406,,9046.0
2022-11-01 12:37:00-04:00,154.1999969482422,154.3000030517578,154.1300048828125,154.25,,5086.0
2022-11-01 12:38:00-04:00,154.2899932861328,154.4499969482422,154.27340698242188,154.36749267578125,,3705.0
2022-11-01 12:39:00-04:00,154.2550048828125,154.4499969482422,154.14999389648438,154.44000244140625,,7465.0
2022-11-01 12:40:00-04:00,154.44000244140625,154.4499969482422,154.27000427246094,154.3699951171875,,2825.0
2022-11-01 12:41:00-04:00,154.30999755859375,154.36000061035156,154.1999969482422,154.36000061035156,,2188.0
2022-11-01 12:42:00-04:00,154.36000061035156,154.44000244140625,154.36000061035156,154.38999938964844,,2211.0
2022-11-01 12:43:00-04:00,154.40240478515625,154.58999633789062,154.3300018310547,154.4499969482422,,9114.0
2022-11-01 12:44:00-04:00,154.33999633789062,154.49000549316406,154.27090454101562,154.4199981689453,,6640.0
2022-11-01 12:45:00-04:00,154.55999755859375,154.80999755859375,154.5500030517578,154.61000061035156,,6779.0
2022-11-01 12:46:00-04:00,154.67630004882812,154.67630004882812,154.42999267578125,154.47239685058594,,3318.0
2022-11-01 12:47:00-04:00,154.60000610351562,154.6300048828125,154.5399932861328,154.5399932861328,,5913.0
2022-11-01 12:48:00-04:00,154.5,154.5399932861328,154.49000549316406,154.5399932861328,,1719.0
2022-11-01 12:49:00-04:00,154.5399932861328,154.57000732421875,154.49000549316406,154.57000732421875,,3725.0
2022-11-01 12:50:00-04:00,154.61000061035156,154.61000061035156,154.44000244140625,154.50999450683594,,4625.0
2022-11-01 12:51:00-04:00,154.38999938964844,154.38999938964844,154.0800018310547,154.11000061035156,,5450.0
2022-11-01 12:52:00-04:00,154.2100067138672,154.2100067138672,154.2050018310547,154.2050018310547,,1383.0
2022-11-01 12:53:00-04:00,154.16000366210938,154.27000427246094,154.16000366210938,154.1999969482422,,822.0
2022-11-01 12:54:00-04:00,154.17999267578125,154.25,154.11000061035156,154.22500610351562,,3353.0
2022-11-01 12:55:00-04:00,154.22000122070312,154.22000122070312,154.0800018310547,154.08999633789062,,6901.0
2022-11-01 12:56:00-04:00,154.1999969482422,154.27499389648438,154.1215057373047,154.27499389648438,,1563.0
2022-11-01 12:57:00-04:00,154.33999633789062,154.41000366210938,154.30499267578125,154.30999755859375,,2166.0
2022-11-01 12:58:00-04:00,154.3000946044922,154.69000244140625,154.3000946044922,154.50999450683594,,7170.0
2022-11-01 12:59:00-04:00,154.52000427246094,154.5500030517578,154.52000427246094,154.5301971435547,,1589.0
2022-11-01 13:00:00-04:00,154.60000610351562,154.75999450683594,154.5399932861328,154.75999450683594,,5862.0
2022-11-01 13:01:00-04:00,154.7449951171875,154.75999450683594,154.58299255371094,154.58299255371094,,4131.0
2022-11-01 13:02:00-04:00,154.55999755859375,154.57000732421875,154.47999572753906,154.48500061035156,,5467.0
2022-11-01 13:03:00-04:00,154.5,154.5449981689453,154.38800048828125,154.47999572753906,,10486.0
2022-11-01 13:04:00-04:00,154.5050048828125,154.5399932861328,154.3800048828125,154.41000366210938,,4657.0
2022-11-01 13:05:00-04:00,154.4499969482422,154.61000061035156,154.39999389648438,154.4499969482422,,11992.0
2022-11-01 13:06:00-04:00,154.47000122070312,154.60000610351562,154.38999938964844,154.5050048828125,,6763.0
2022-11-01 13:07:00-04:00,154.5,154.50999450683594,154.5,154.5,,870.0
2022-11-01 13:08:00-04:00,154.4499969482422,154.48500061035156,154.41000366210938,154.42999267578125,,3058.0
2022-11-01 13:09:00-04:00,154.42999267578125,154.43499755859375,154.42999267578125,154.43499755859375,,2027.0
2022-11-01 13:10:00-04:00,154.5,154.60000610351562,154.4636993408203,154.5800018310547,,11958.0
2022-11-01 13:11:00-04:00,154.5800018310547,155.02999877929688,154.52999877929688,155.02999877929688,,15935.0
2022-11-01 13:12:00-04:00,155.0500030517578,155.1999969482422,155.02999877929688,155.1300048828125,,6500.0
2022-11-01 13:13:00-04:00,155.16000366210938,155.17999267578125,155.05999755859375,155.09750366210938,,6739.0
2022-11-01 13:14:00-04:00,155.0574951171875,155.11000061035156,154.9199981689453,154.9199981689453,,8634.0
2022-11-01 13:15:00-04:00,154.89999389648438,155.0,154.89999389648438,154.9001007080078,,2277.0
2022-11-01 13:16:00-04:00,154.97000122070312,155.0800018310547,154.9550018310547,155.0800018310547,,4556.0
2022-11-01 13:17:00-04:00,155.02000427246094,155.02000427246094,154.9499969482422,154.9600067138672,,5450.0
2022-11-01 13:18:00-04:00,154.9499969482422,155.14999389648438,154.9499969482422,154.99000549316406,,9061.0
2022-11-01 13:19:00-04:00,155.0399932861328,155.0399932861328,154.8739013671875,154.88999938964844,,3936.0
2022-11-01 13:20:00-04:00,154.8798065185547,155.10000610351562,154.8798065185547,155.03250122070312,,8350.0
2022-11-01 13:21:00-04:00,155.03500366210938,155.0500030517578,154.9600067138672,155.0050048828125,,8255.0
2022-11-01 13:22:00-04:00,155.00250244140625,155.0500030517578,154.9600067138672,155.0,,11754.0
2022-11-01 13:23:00-04:00,155.0,155.1300048828125,154.9600067138672,155.02749633789062,,5851.0
2022-11-01 13:24:00-04:00,155.0800018310547,155.33990478515625,155.0800018310547,155.33990478515625,,3550.0
2022-11-01 13:25:00-04:00,155.2100067138672,155.3000030517578,155.18580627441406,155.3000030517578,,3031.0
2022-11-01 13:26:00-04:00,155.3300018310547,155.3350067138672,155.13999938964844,155.26499938964844,,7702.0
2022-11-01 13:27:00-04:00,155.2449951171875,155.25999450683594,155.07949829101562,155.1199951171875,,6732.0
2022-11-01 13:28:00-04:00,155.0500030517578,155.07000732421875,154.97000122070312,155.0399932861328,,1578.0
2022-11-01 13:29:00-04:00,155.08999633789062,155.08999633789062,154.82009887695312,154.82009887695312,,2459.0
2022-11-01 13:30:00-04:00,154.8800048828125,154.92999267578125,154.8300018310547,154.9149932861328,,2083.0
2022-11-01 13:31:00-04:00,154.85000610351562,154.89500427246094,154.8300018310547,154.89500427246094,,6781.0
2022-11-01 13:32:00-04:00,154.9250030517578,155.09500122070312,154.9250030517578,155.0399932861328,,8364.0
2022-11-01 13:33:00-04:00,155.0399932861328,155.0399932861328,154.99000549316406,155.0050048828125,,3303.0
2022-11-01 13:34:00-04:00,154.9600067138672,155.05999755859375,154.92999267578125,154.98500061035156,,5063.0
2022-11-01 13:35:00-04:00,155.0,155.02999877929688,154.9499969482422,154.9499969482422,,6703.0
2022-11-01 13:36:00-04:00,154.94500732421875,154.94500732421875,154.85000610351562,154.8800048828125,,2090.0
2022-11-01 13:37:00-04:00,154.8800048828125,155.07000732421875,154.8800048828125,155.05349731445312,,3833.0
2022-11-01 13:38:00-04:00,155.0,155.0,154.75999450683594,154.7736053466797,,2971.0
2022-11-01 13:39:00-04:00,154.72000122070312,154.75,154.6999969482422,154.75,,2535.0
2022-11-01 13:40:00-04:00,154.75999450683594,154.8249969482422,154.7216033935547,154.8249969482422,,2380.0
2022-11-01 13:41:00-04:00,154.82000732421875,154.90499877929688,154.80999755859375,154.90499877929688,,4452.0
2022-11-01 13:42:00-04:00,154.94000244140625,155.0,154.94000244140625,154.94000244140625,,2638.0
2022-11-01 13:43:00-04:00,154.94000244140625,154.9550018310547,154.8699951171875,154.9550018310547,,2676.0
2022-11-01 13:44:00-04:00,154.9550018310547,154.9550018310547,154.85000610351562,154.86500549316406,,2181.0
2022-11-01 13:45:00-04:00,154.875,154.9199981689453,154.80999755859375,154.875,,6004.0
2022-11-01 13:46:00-04:00,154.85499572753906,154.89999389648438,154.77000427246094,154.77000427246094,,6163.0
2022-11-01 13:47:00-04:00,154.77000427246094,154.82000732421875,154.72000122070312,154.7899932861328,,7342.0
2022-11-01 13:48:00-04:00,154.7899932861328,154.86000061035156,154.7899932861328,154.80999755859375,,5685.0
2022-11-01 13:49:00-04:00,154.80499267578125,154.80999755859375,154.80499267578125,154.80999755859375,,321.0
2022-11-01 13:50:00-04:00,154.80499267578125,154.80499267578125,154.75,154.8000030517578,,2114.0
2022-11-01 13:51:00-04:00,154.80999755859375,154.8699951171875,154.7899932861328,154.82000732421875,,3364.0
2022-11-01 13:52:00-04:00,154.86990356445312,154.8800048828125,154.77000427246094,154.82000732421875,,4730.0
2022-11-01 13:53:00-04:00,154.86000061035156,154.91000366210938,154.86000061035156,154.91000366210938,,1056.0
2022-11-01 13:54:00-04:00,154.88999938964844,154.91000366210938,154.77999877929688,154.89999389648438,,4236.0
2022-11-01 13:55:00-04:00,154.8800048828125,154.98500061035156,154.84010314941406,154.94000244140625,,6358.0
2022-11-01 13:56:00-04:00,154.92999267578125,154.9897003173828,154.80999755859375,154.80999755859375,,5634.0
2022-11-01 13:57:00-04:00,154.82000732421875,154.86000061035156,154.72000122070312,154.75,,6152.0
2022-11-01 13:58:00-04:00,154.8300018310547,154.889892578125,154.7947998046875,154.82000732421875,,4629.0
2022-11-01 13:59:00-04:00,154.7899932861328,154.80999755859375,154.72000122070312,154.72999572753906,,4068.0
2022-11-01 14:00:00-04:00,154.72000122070312,154.80999755859375,154.72000122070312,154.76499938964844,,6520.0
2022-11-01 14:01:00-04:00,154.72000122070312,154.72999572753906,154.55999755859375,154.6699981689453,,5577.0
2022-11-01 14:02:00-04:00,154.75999450683594,154.75999450683594,154.69000244140625,154.69000244140625,,1715.0
2022-11-01 14:03:00-04:00,154.72000122070312,154.72000122070312,154.69000244140625,154.70440673828125,,1977.0
2022-11-01 14:04:00-04:00,154.73500061035156,154.7899932861328,154.66000366210938,154.75,,6650.0
2022-11-01 14:05:00-04:00,154.76499938964844,154.9499969482422,154.67999267578125,154.70249938964844,,14140.0
2022-11-01 14:06:00-04:00,154.7050018310547,154.77999877929688,154.66000366210938,154.7449951171875,,3543.0
2022-11-01 14:07:00-04:00,154.67999267578125,154.7449951171875,154.67999267578125,154.69000244140625,,1120.0
2022-11-01 14:08:00-04:00,154.70179748535156,154.7899932861328,154.70179748535156,154.77000427246094,,4698.0
2022-11-01 14:09:00-04:00,154.80999755859375,154.91000366210938,154.77999877929688,154.80999755859375,,11401.0
2022-11-01 14:10:00-04:00,154.77000427246094,154.77000427246094,154.6699981689453,154.72000122070312,,5164.0
2022-11-01 14:11:00-04:00,154.72000122070312,154.77000427246094,154.72000122070312,154.75,,4508.0
2022-11-01 14:12:00-04:00,154.72999572753906,154.77999877929688,154.6699981689453,154.71499633789062,,3005.0
2022-11-01 14:13:00-04:00,154.6699981689453,154.85499572753906,154.6699981689453,154.85499572753906,,5457.0
2022-11-01 14:14:00-04:00,154.90899658203125,155.0,154.87010192871094,154.87010192871094,,3466.0
2022-11-01 14:15:00-04:00,154.9250030517578,154.99000549316406,154.9250030517578,154.99000549316406,,2140.0
2022-11-01 14:16:00-04:00,154.94000244140625,154.9600067138672,154.85000610351562,154.9600067138672,,7934.0
2022-11-01 14:17:00-04:00,154.97999572753906,155.0500030517578,154.8800048828125,154.8800048828125,,6280.0
2022-11-01 14:18:00-04:00,154.8800048828125,154.89999389648438,154.80299377441406,154.80299377441406,,25704.0
2022-11-01 14:19:00-04:00,154.8699951171875,154.99000549316406,154.85000610351562,154.99000549316406,,3023.0
2022-11-01 14:20:00-04:00,155.02499389648438,155.11500549316406,154.9499969482422,155.11000061035156,,4044.0
2022-11-01 14:21:00-04:00,155.14999389648438,155.14999389648438,155.0023956298828,155.01499938964844,,3266.0
2022-11-01 14:22:00-04:00,155.0500030517578,155.10000610351562,155.02999877929688,155.05999755859375,,4122.0
2022-11-01 14:23:00-04:00,155.0,155.0,154.85000610351562,154.85000610351562,,1938.0
2022-11-01 14:24:00-04:00,154.875,154.875,154.75999450683594,154.77499389648438,,7440.0
2022-11-01 14:25:00-04:00,154.76499938964844,154.76499938964844,154.66000366210938,154.7100067138672,,2230.0
2022-11-01 14:26:00-04:00,154.63999938964844,154.72000122070312,154.63999938964844,154.63999938964844,,3613.0
2022-11-01 14:27:00-04:00,154.6605987548828,154.74000549316406,154.6605987548828,154.72999572753906,,1854.0
2022-11-01 14:28:00-04:00,154.72500610351562,154.72500610351562,154.55999755859375,154.6699981689453,,5234.0
2022-11-01 14:29:00-04:00,154.57000732421875,154.57000732421875,154.5200958251953,154.52999877929688,,991.0
2022-11-01 14:30:00-04:00,154.57000732421875,154.61000061035156,154.53500366210938,154.53500366210938,,3984.0
2022-11-01 14:31:00-04:00,154.5,154.5,154.4199981689453,154.4199981689453,,1133.0
2022-11-01 14:32:00-04:00,154.42999267578125,154.4600067138672,154.25,154.36000061035156,,5365.0
2022-11-01 14:33:00-04:00,154.27000427246094,154.27000427246094,154.05999755859375,154.14999389648438,,6365.0
2022-11-01 14:34:00-04:00,154.19000244140625,154.22999572753906,154.16510009765625,154.21090698242188,,2810.0
2022-11-01 14:35:00-04:00,154.17999267578125,154.58990478515625,154.17999267578125,154.5800018310547,,6109.0
2022-11-01 14:36:00-04:00,154.5800018310547,154.58999633789062,154.57000732421875,154.57000732421875,,1527.0
2022-11-01 14:37:00-04:00,154.61000061035156,154.63499450683594,154.52000427246094,154.57000732421875,,2970.0
2022-11-01 14:38:00-04:00,154.5800018310547,154.5800018310547,154.5,154.57000732421875,,1803.0
2022-11-01 14:39:00-04:00,154.52999877929688,154.58999633789062,154.47000122070312,154.56719970703125,,2596.0
2022-11-01 14:40:00-04:00,154.58999633789062,154.6300048828125,154.5301055908203,154.57000732421875,,3817.0
2022-11-01 14:41:00-04:00,154.57000732421875,154.57000732421875,154.47000122070312,154.47000122070312,,2250.0
2022-11-01 14:42:00-04:00,154.47000122070312,154.64999389648438,154.47000122070312,154.64999389648438,,4156.0
2022-11-01 14:43:00-04:00,154.6199951171875,154.67999267578125,154.60000610351562,154.67999267578125,,5318.0
2022-11-01 14:44:00-04:00,154.69000244140625,154.6999969482422,154.6199951171875,154.6750030517578,,4844.0
2022-11-01 14:45:00-04:00,154.7100067138672,154.75,154.67999267578125,154.6999969482422,,2570.0
2022-11-01 14:46:00-04:00,154.7100067138672,154.7100067138672,154.39999389648438,154.39999389648438,,6595.0
2022-11-01 14:47:00-04:00,154.4600067138672,154.60499572753906,154.4499969482422,154.58999633789062,,5347.0
2022-11-01 14:48:00-04:00,154.58529663085938,154.60000610351562,154.5399932861328,154.57000732421875,,1427.0
2022-11-01 14:49:00-04:00,154.57000732421875,154.64500427246094,154.52000427246094,154.60000610351562,,8997.0
2022-11-01 14:50:00-04:00,154.69000244140625,154.69000244140625,154.67999267578125,154.67999267578125,,969.0
2022-11-01 14:51:00-04:00,154.67999267578125,154.75,154.63999938964844,154.72000122070312,,4747.0
2022-11-01 14:52:00-04:00,154.72000122070312,154.84500122070312,154.69009399414062,154.8300018310547,,4445.0
2022-11-01 14:53:00-04:00,154.80999755859375,154.9600067138672,154.80999755859375,154.94000244140625,,5593.0
2022-11-01 14:54:00-04:00,154.99000549316406,155.0,154.91000366210938,154.9600067138672,,7533.0
2022-11-01 14:55:00-04:00,154.9600067138672,155.05999755859375,154.9499969482422,155.05999755859375,,3741.0
2022-11-01 14:56:00-04:00,155.02000427246094,155.41000366210938,155.0050048828125,155.27000427246094,,10686.0
2022-11-01 14:57:00-04:00,155.24819946289062,155.25,155.22000122070312,155.22500610351562,,2376.0
2022-11-01 14:58:00-04:00,155.22000122070312,155.27000427246094,155.2100067138672,155.2100067138672,,2661.0
2022-11-01 14:59:00-04:00,155.20050048828125,155.33999633789062,155.20050048828125,155.25,,5684.0
2022-11-01 15:00:00-04:00,155.17999267578125,155.17999267578125,155.0,155.1199951171875,,7584.0
2022-11-01 15:01:00-04:00,155.1699981689453,155.24000549316406,155.16380310058594,155.17999267578125,,3243.0
2022-11-01 15:02:00-04:00,155.1750030517578,155.25,155.1199951171875,155.25,,3978.0
2022-11-01 15:03:00-04:00,155.27000427246094,155.36000061035156,155.27000427246094,155.3300018310547,,6433.0
2022-11-01 15:04:00-04:00,155.30999755859375,155.4600067138672,155.30999755859375,155.4600067138672,,4723.0
2022-11-01 15:05:00-04:00,155.468994140625,155.57000732421875,155.45339965820312,155.5,,10517.0
2022-11-01 15:06:00-04:00,155.51499938964844,155.5500030517578,155.4488983154297,155.47999572753906,,11019.0
2022-11-01 15:07:00-04:00,155.50999450683594,155.50999450683594,155.25999450683594,155.33999633789062,,5850.0
2022-11-01 15:08:00-04:00,155.33999633789062,155.5800018310547,155.33999633789062,155.56900024414062,,4846.0
2022-11-01 15:09:00-04:00,155.5800018310547,155.5800018310547,155.42999267578125,155.5,,2944.0
2022-11-01 15:10:00-04:00,155.52999877929688,155.5749969482422,155.47999572753906,155.47999572753906,,6218.0
2022-11-01 15:11:00-04:00,155.35000610351562,155.36000061035156,155.05999755859375,155.1300048828125,,6075.0
2022-11-01 15:12:00-04:00,155.1300048828125,155.22000122070312,155.1300048828125,155.16000366210938,,3201.0
2022-11-01 15:13:00-04:00,155.1999969482422,155.31939697265625,155.16000366210938,155.27000427246094,,2933.0
2022-11-01 15:14:00-04:00,155.30999755859375,155.33819580078125,155.25160217285156,155.2899932861328,,7109.0
2022-11-01 15:15:00-04:00,155.30999755859375,155.3800048828125,155.3000030517578,155.35000610351562,,4602.0
2022-11-01 15:16:00-04:00,155.3101043701172,155.3699951171875,155.13999938964844,155.19500732421875,,11036.0
2022-11-01 15:17:00-04:00,155.15480041503906,155.15480041503906,154.80999755859375,154.82000732421875,,6186.0
2022-11-01 15:18:00-04:00,154.88999938964844,154.9600067138672,154.82000732421875,154.88999938964844,,5236.0
2022-11-01 15:19:00-04:00,154.80999755859375,155.02999877929688,154.80999755859375,155.00999450683594,,4809.0
2022-11-01 15:20:00-04:00,155.0399932861328,155.35000610351562,155.0399932861328,155.35000610351562,,7492.0
2022-11-01 15:21:00-04:00,155.35000610351562,155.3699951171875,155.25999450683594,155.25999450683594,,8031.0
2022-11-01 15:22:00-04:00,155.25999450683594,155.3000030517578,155.25,155.2899932861328,,2657.0
2022-11-01 15:23:00-04:00,155.25999450683594,155.2657928466797,155.07260131835938,155.19000244140625,,4967.0
2022-11-01 15:24:00-04:00,155.17999267578125,155.25999450683594,155.0605926513672,155.0605926513672,,4106.0
2022-11-01 15:25:00-04:00,155.0749969482422,155.0749969482422,154.72000122070312,154.72500610351562,,2912.0
2022-11-01 15:26:00-04:00,154.72999572753906,154.75999450683594,154.67999267578125,154.75999450683594,,2679.0
2022-11-01 15:27:00-04:00,154.672607421875,154.75,154.6699981689453,154.75,,2893.0
2022-11-01 15:28:00-04:00,154.77000427246094,154.80999755859375,154.67999267578125,154.76499938964844,,4512.0
2022-11-01 15:29:00-04:00,154.76499938964844,154.76499938964844,154.66000366210938,154.6699981689453,,4256.0
2022-11-01 15:30:00-04:00,154.72999572753906,154.8000030517578,154.5500030517578,154.5500030517578,,6748.0
2022-11-01 15:31:00-04:00,154.5,154.5500030517578,154.4199981689453,154.4949951171875,,6114.0
2022-11-01 15:32:00-04:00,154.5050048828125,154.52000427246094,154.4499969482422,154.47999572753906,,9309.0
2022-11-01 15:33:00-04:00,154.47999572753906,154.59500122070312,154.47000122070312,154.58999633789062,,8219.0
2022-11-01 15:34:00-04:00,154.52000427246094,154.6699981689453,154.51499938964844,154.55999755859375,,7870.0
2022-11-01 15:35:00-04:00,154.5,154.55999755859375,154.4600067138672,154.50999450683594,,4801.0
2022-11-01 15:36:00-04:00,154.47999572753906,154.58999633789062,154.41000366210938,154.58999633789062,,4730.0
2022-11-01 15:37:00-04:00,154.63999938964844,154.7100067138672,154.6199951171875,154.6300048828125,,5668.0
2022-11-01 15:38:00-04:00,154.6168975830078,154.6168975830078,154.4600067138672,154.4600067138672,,2768.0
2022-11-01 15:39:00-04:00,154.38999938964844,154.44000244140625,154.19500732421875,154.19500732421875,,7385.0
2022-11-01 15:40:00-04:00,154.16000366210938,154.39500427246094,154.11000061035156,154.39500427246094,,14609.0
2022-11-01 15:41:00-04:00,154.3800048828125,154.4499969482422,154.36000061035156,154.39500427246094,,6153.0
2022-11-01 15:42:00-04:00,154.35000610351562,154.35000610351562,154.27000427246094,154.27000427246094,,7505.0
2022-11-01 15:43:00-04:00,154.21499633789062,154.4499969482422,154.1699981689453,154.4499969482422,,8680.0
2022-11-01 15:44:00-04:00,154.4550018310547,154.47000122070312,154.281005859375,154.3300018310547,,14096.0
2022-11-01 15:45:00-04:00,154.3699951171875,154.41000366210938,154.22120666503906,154.375,,14589.0
2022-11-01 15:46:00-04:00,154.375,154.47000122070312,154.32000732421875,154.33999633789062,,8400.0
2022-11-01 15:47:00-04:00,154.3699951171875,154.5399932861328,154.34500122070312,154.39999389648438,,14935.0
2022-11-01 15:48:00-04:00,154.39999389648438,154.57000732421875,154.39999389648438,154.55999755859375,,6505.0
2022-11-01 15:49:00-04:00,154.47000122070312,154.66000366210938,154.4600067138672,154.59500122070312,,17464.0
2022-11-01 15:50:00-04:00,154.52000427246094,154.58999633789062,154.27000427246094,154.5,,24507.0
2022-11-01 15:51:00-04:00,154.47000122070312,154.55999755859375,154.33999633789062,154.4199981689453,,10842.0
2022-11-01 15:52:00-04:00,154.3800048828125,154.41000366210938,154.27000427246094,154.3125,,23237.0
2022-11-01 15:53:00-04:00,154.31500244140625,154.4550018310547,154.17999267578125,154.41000366210938,,42820.0
2022-11-01 15:54:00-04:00,154.42999267578125,154.57000732421875,154.38999938964844,154.52000427246094,,26205.0
2022-11-01 15:55:00-04:00,154.55999755859375,154.8000030517578,154.5500030517578,154.73500061035156,,29918.0
2022-11-01 15:56:00-04:00,154.74000549316406,154.7899932861328,154.60000610351562,154.66000366210938,,38873.0
2022-11-01 15:57:00-04:00,154.67999267578125,154.75999450683594,154.57000732421875,154.58999633789062,,36287.0
2022-11-01 15:58:00-04:00,154.58999633789062,154.74000549316406,154.5399932861328,154.6199951171875,,49668.0
2022-11-01 15:59:00-04:00,154.6199951171875,154.75,154.55999755859375,154.6699981689453,,84577.0
2022-11-02 09:30:00-04:00,154.1999969482422,156.0364990234375,154.1999969482422,156.0364990234375,,87328.0
2022-11-02 09:31:00-04:00,156.02999877929688,156.16000366210938,155.14999389648438,155.15499877929688,,28283.0
2022-11-02 09:32:00-04:00,155.00999450683594,155.00999450683594,153.6300048828125,153.98500061035156,,14847.0
2022-11-02 09:33:00-04:00,154.1750030517578,154.58999633789062,154.1750030517578,154.58999633789062,,4623.0
2022-11-02 09:34:00-04:00,154.5778045654297,154.5778045654297,153.60000610351562,153.60000610351562,,24194.0
2022-11-02 09:35:00-04:00,153.64500427246094,153.64500427246094,152.8800048828125,153.0050048828125,,18547.0
2022-11-02 09:36:00-04:00,153.0,153.3000030517578,152.86000061035156,152.9199981689453,,11915.0
2022-11-02 09:37:00-04:00,152.60000610351562,152.92999267578125,152.60000610351562,152.75999450683594,,15643.0
2022-11-02 09:38:00-04:00,152.74000549316406,152.9499969482422,152.6199951171875,152.9499969482422,,5108.0
2022-11-02 09:39:00-04:00,153.02000427246094,153.375,152.77000427246094,153.375,,8895.0
2022-11-02 09:40:00-04:00,153.5850067138672,154.3699951171875,153.5850067138672,154.1750030517578,,14975.0
2022-11-02 09:41:00-04:00,154.1199951171875,154.24000549316406,153.9499969482422,153.9499969482422,,10637.0
2022-11-02 09:42:00-04:00,153.97000122070312,154.0500030517578,153.00999450683594,153.02999877929688,,5506.0
2022-11-02 09:43:00-04:00,152.94000244140625,153.14999389648438,152.7899932861328,153.05709838867188,,11238.0
2022-11-02 09:44:00-04:00,153.02000427246094,153.6699981689453,153.02000427246094,153.6699981689453,,7237.0
2022-11-02 09:45:00-04:00,153.53579711914062,153.77000427246094,153.50999450683594,153.77000427246094,,10173.0
2022-11-02 09:46:00-04:00,154.67999267578125,154.8000030517578,154.61500549316406,154.8000030517578,,13339.0
2022-11-02 09:47:00-04:00,155.33999633789062,155.41000366210938,155.33999633789062,155.41000366210938,,14093.0
2022-11-02 09:48:00-04:00,155.52000427246094,155.52000427246094,155.4499969482422,155.4636993408203,,10189.0
2022-11-02 09:49:00-04:00,155.75,155.8000030517578,155.6199951171875,155.72000122070312,,29855.0
2022-11-02 09:51:00-04:00,154.93499755859375,154.93499755859375,154.85000610351562,154.85499572753906,,28737.0
2022-11-02 09:52:00-04:00,155.42999267578125,155.52000427246094,155.42999267578125,155.52000427246094,,16082.0
2022-11-02 09:53:00-04:00,155.11000061035156,155.18389892578125,154.89999389648438,155.18389892578125,,20091.0
2022-11-02 09:54:00-04:00,155.22000122070312,155.6300048828125,155.19000244140625,155.5500030517578,,12828.0
2022-11-02 09:55:00-04:00,156.0,156.17999267578125,155.34010314941406,155.34010314941406,,15247.0
2022-11-02 09:56:00-04:00,155.11000061035156,155.16000366210938,154.69000244140625,154.6903076171875,,13779.0
2022-11-02 09:57:00-04:00,154.89999389648438,155.09500122070312,154.89999389648438,154.99000549316406,,4294.0
2022-11-02 09:58:00-04:00,154.5399932861328,155.1300048828125,154.39999389648438,154.58999633789062,,13439.0
2022-11-02 09:59:00-04:00,154.5,154.5800018310547,154.2100067138672,154.5800018310547,,9147.0
2022-11-02 10:00:00-04:00,154.42999267578125,154.69000244140625,154.41000366210938,154.5850067138672,,6859.0
2022-11-02 10:01:00-04:00,154.60000610351562,154.8300018310547,154.39999389648438,154.58999633789062,,10040.0
2022-11-02 10:02:00-04:00,154.58999633789062,154.89999389648438,154.39999389648438,154.6999969482422,,12235.0
2022-11-02 10:03:00-04:00,154.6999969482422,154.8300018310547,154.4199981689453,154.5500030517578,,9927.0
2022-11-02 10:04:00-04:00,154.4199981689453,154.4199981689453,154.17999267578125,154.1999969482422,,5634.0
2022-11-02 10:05:00-04:00,154.32000732421875,154.75999450683594,154.32000732421875,154.7100067138672,,22674.0
2022-11-02 10:06:00-04:00,154.69000244140625,154.83990478515625,154.5399932861328,154.625,,13650.0
2022-11-02 10:07:00-04:00,154.52000427246094,154.55999755859375,154.02999877929688,154.22000122070312,,9730.0
2022-11-02 10:08:00-04:00,154.22999572753906,154.3000030517578,153.9499969482422,154.13999938964844,,7766.0
2022-11-02 10:09:00-04:00,154.3699951171875,154.66000366210938,154.1699981689453,154.66000366210938,,10629.0
2022-11-02 10:10:00-04:00,154.7449951171875,154.90499877929688,154.4499969482422,154.4499969482422,,13367.0
2022-11-02 10:11:00-04:00,154.5449981689453,154.5449981689453,154.27999877929688,154.41000366210938,,1623.0
2022-11-02 10:12:00-04:00,154.39999389648438,154.49000549316406,154.3300018310547,154.35000610351562,,3299.0
2022-11-02 10:13:00-04:00,155.04820251464844,155.11000061035156,154.63999938964844,154.67999267578125,,41102.0
2022-11-02 10:14:00-04:00,154.86599731445312,154.86599731445312,154.5,154.5,,5568.0
2022-11-02 10:15:00-04:00,154.6199951171875,154.6300048828125,154.44000244140625,154.5500030517578,,5421.0
2022-11-02 10:16:00-04:00,154.5500030517578,154.5500030517578,153.6968994140625,153.76730346679688,,12710.0
2022-11-02 10:17:00-04:00,153.77000427246094,153.83999633789062,153.67999267578125,153.75,,6056.0
2022-11-02 10:18:00-04:00,153.6699981689453,153.74000549316406,153.41729736328125,153.4499969482422,,6673.0
2022-11-02 10:19:00-04:00,153.41000366210938,154.14999389648438,153.40139770507812,154.14999389648438,,11264.0
2022-11-02 10:20:00-04:00,154.22000122070312,154.38999938964844,154.1300048828125,154.34500122070312,,16634.0
2022-11-02 10:21:00-04:00,154.34500122070312,154.34500122070312,154.1999969482422,154.20010375976562,,7420.0
2022-11-02 10:22:00-04:00,154.1999969482422,154.32000732421875,154.13999938964844,154.16009521484375,,2801.0
2022-11-02 10:23:00-04:00,154.2449951171875,154.49000549316406,154.05999755859375,154.44000244140625,,12274.0
2022-11-02 10:24:00-04:00,154.3365020751953,154.44000244140625,154.27000427246094,154.3300018310547,,8181.0
2022-11-02 10:25:00-04:00,154.40499877929688,154.5,154.19000244140625,154.19000244140625,,10136.0
2022-11-02 10:26:00-04:00,154.13999938964844,154.38999938964844,154.1300048828125,154.36000061035156,,8235.0
2022-11-02 10:27:00-04:00,154.34500122070312,154.34500122070312,154.1300048828125,154.1300048828125,,5057.0
2022-11-02 10:28:00-04:00,154.1300048828125,154.1999969482422,153.99000549316406,154.19500732421875,,4322.0
2022-11-02 10:29:00-04:00,154.19500732421875,154.27000427246094,154.10000610351562,154.27000427246094,,4980.0
2022-11-02 10:30:00-04:00,154.27499389648438,154.3000030517578,154.08999633789062,154.1699981689453,,4870.0
2022-11-02 10:31:00-04:00,154.17999267578125,154.17999267578125,153.7899932861328,153.8300018310547,,4762.0
2022-11-02 10:32:00-04:00,153.7899932861328,153.8699951171875,153.67999267578125,153.81500244140625,,2910.0
2022-11-02 10:33:00-04:00,153.72999572753906,153.83999633789062,153.6699981689453,153.73500061035156,,3798.0
2022-11-02 10:34:00-04:00,153.72340393066406,153.8800048828125,153.72000122070312,153.75999450683594,,3593.0
2022-11-02 10:35:00-04:00,153.7449951171875,153.7449951171875,153.36050415039062,153.36050415039062,,21194.0
2022-11-02 10:36:00-04:00,153.4499969482422,153.5800018310547,153.41000366210938,153.5449981689453,,5236.0
2022-11-02 10:37:00-04:00,153.52659606933594,153.55999755859375,153.36000061035156,153.55999755859375,,7425.0
2022-11-02 10:38:00-04:00,153.5,153.6199951171875,153.44000244140625,153.5500030517578,,5035.0
2022-11-02 10:39:00-04:00,153.5500030517578,153.77000427246094,153.5500030517578,153.60000610351562,,5684.0
2022-11-02 10:40:00-04:00,153.6699981689453,153.6699981689453,153.6699981689453,153.6699981689453,,429.0
2022-11-02 10:41:00-04:00,153.67999267578125,153.82000732421875,153.6199951171875,153.7550048828125,,3336.0
2022-11-02 10:42:00-04:00,153.80999755859375,153.85499572753906,153.5800018310547,153.59500122070312,,9213.0
2022-11-02 10:43:00-04:00,153.47000122070312,153.67999267578125,153.47000122070312,153.67999267578125,,4938.0
2022-11-02 10:44:00-04:00,153.6199951171875,154.00999450683594,153.61000061035156,153.97999572753906,,6158.0
2022-11-02 10:45:00-04:00,153.88999938964844,154.08999633789062,153.88999938964844,153.9600067138672,,7426.0
2022-11-02 10:46:00-04:00,153.9600067138672,153.97000122070312,153.80499267578125,153.8300018310547,,6629.0
2022-11-02 10:47:00-04:00,153.82000732421875,153.82000732421875,153.55999755859375,153.63499450683594,,5377.0
2022-11-02 10:48:00-04:00,153.55999755859375,153.6999969482422,153.4199981689453,153.4199981689453,,4532.0
2022-11-02 10:49:00-04:00,153.48500061035156,153.56500244140625,153.47999572753906,153.55499267578125,,2073.0
2022-11-02 10:50:00-04:00,153.55499267578125,153.55999755859375,153.43789672851562,153.51499938964844,,3543.0
2022-11-02 10:51:00-04:00,153.5050048828125,153.69000244140625,153.44000244140625,153.69000244140625,,6358.0
2022-11-02 10:52:00-04:00,153.7449951171875,153.89500427246094,153.69000244140625,153.89500427246094,,5118.0
2022-11-02 10:53:00-04:00,153.88499450683594,154.3800048828125,153.88499450683594,153.9499969482422,,16436.0
2022-11-02 10:54:00-04:00,153.9499969482422,154.23500061035156,153.94000244140625,154.23500061035156,,6011.0
2022-11-02 10:55:00-04:00,154.2550048828125,154.4199981689453,154.25,154.4199981689453,,3688.0
2022-11-02 10:56:00-04:00,154.4199981689453,154.4199981689453,154.2100067138672,154.27999877929688,,6543.0
2022-11-02 10:57:00-04:00,154.25999450683594,154.3699951171875,154.1199951171875,154.36000061035156,,11561.0
2022-11-02 10:58:00-04:00,154.36000061035156,154.5,154.35000610351562,154.4499969482422,,9177.0
2022-11-02 10:59:00-04:00,154.4499969482422,154.4499969482422,154.0800018310547,154.24000549316406,,6417.0
2022-11-02 11:00:00-04:00,154.23500061035156,154.41000366210938,154.23500061035156,154.36500549316406,,5012.0
2022-11-02 11:01:00-04:00,154.36500549316406,154.52999877929688,154.36500549316406,154.47999572753906,,13780.0
2022-11-02 11:02:00-04:00,154.4774932861328,154.64999389648438,154.10000610351562,154.2100067138672,,12119.0
2022-11-02 11:03:00-04:00,154.1999969482422,154.21139526367188,153.9499969482422,153.9949951171875,,4147.0
2022-11-02 11:04:00-04:00,153.9600067138672,154.11000061035156,153.9499969482422,154.11000061035156,,2432.0
2022-11-02 11:05:00-04:00,153.98500061035156,154.1136016845703,153.8800048828125,153.91000366210938,,4715.0
2022-11-02 11:06:00-04:00,153.80999755859375,153.83740234375,153.42999267578125,153.5500030517578,,5433.0
2022-11-02 11:07:00-04:00,153.4550018310547,153.55999755859375,153.4199981689453,153.5500030517578,,5078.0
2022-11-02 11:08:00-04:00,153.5500030517578,153.70849609375,153.2801055908203,153.2801055908203,,7540.0
2022-11-02 11:09:00-04:00,153.35499572753906,153.42999267578125,153.27999877929688,153.27999877929688,,2563.0
2022-11-02 11:10:00-04:00,153.36000061035156,153.3699951171875,153.14109802246094,153.16929626464844,,4997.0
2022-11-02 11:11:00-04:00,153.1999969482422,153.47999572753906,153.16000366210938,153.47000122070312,,6266.0
2022-11-02 11:12:00-04:00,153.4499969482422,153.64480590820312,153.3800048828125,153.5,,5342.0
2022-11-02 11:13:00-04:00,153.52000427246094,153.52000427246094,153.1699981689453,153.2899932861328,,5031.0
2022-11-02 11:14:00-04:00,153.27999877929688,153.33999633789062,153.05999755859375,153.14999389648438,,6858.0
2022-11-02 11:15:00-04:00,153.24000549316406,153.33999633789062,152.86000061035156,152.86000061035156,,8643.0
2022-11-02 11:16:00-04:00,152.85000610351562,152.9199981689453,152.8148956298828,152.85000610351562,,5376.0
2022-11-02 11:17:00-04:00,152.9499969482422,153.11000061035156,152.83999633789062,152.9199981689453,,5295.0
2022-11-02 11:18:00-04:00,152.9199981689453,152.9499969482422,152.88999938964844,152.9499969482422,,661.0
2022-11-02 11:19:00-04:00,153.03500366210938,153.1750030517578,152.97999572753906,153.08999633789062,,16102.0
2022-11-02 11:20:00-04:00,153.11500549316406,153.1699981689453,152.9199981689453,152.9199981689453,,3572.0
2022-11-02 11:21:00-04:00,153.0050048828125,153.0050048828125,152.75,152.8300018310547,,3428.0
2022-11-02 11:22:00-04:00,152.84500122070312,153.0,152.77999877929688,153.0,,7224.0
2022-11-02 11:23:00-04:00,153.02000427246094,153.1199951171875,152.9949951171875,153.10499572753906,,2156.0
2022-11-02 11:24:00-04:00,153.11000061035156,153.14999389648438,153.02999877929688,153.0399932861328,,3639.0
2022-11-02 11:25:00-04:00,153.125,153.27000427246094,153.125,153.27000427246094,,12904.0
2022-11-02 11:26:00-04:00,153.22999572753906,153.23500061035156,152.5800018310547,152.6699981689453,,23517.0
2022-11-02 11:27:00-04:00,152.6699981689453,152.75999450683594,152.54769897460938,152.54769897460938,,7211.0
2022-11-02 11:28:00-04:00,152.7050018310547,152.77000427246094,152.6199951171875,152.7449951171875,,5643.0
2022-11-02 11:29:00-04:00,152.82000732421875,153.02999877929688,152.7449951171875,153.02999877929688,,4154.0
2022-11-02 11:30:00-04:00,153.08999633789062,153.1750030517578,153.0800018310547,153.1649932861328,,5589.0
2022-11-02 11:31:00-04:00,153.1699981689453,153.22999572753906,153.02000427246094,153.1199951171875,,10519.0
2022-11-02 11:32:00-04:00,153.02000427246094,153.05499267578125,153.02000427246094,153.0500030517578,,715.0
2022-11-02 11:33:00-04:00,153.0500030517578,153.86000061035156,153.02999877929688,153.74000549316406,,18627.0
2022-11-02 11:34:00-04:00,153.7449951171875,154.38999938964844,153.58999633789062,154.38999938964844,,29097.0
2022-11-02 11:35:00-04:00,154.3123016357422,154.3249969482422,154.1999969482422,154.1999969482422,,3780.0
2022-11-02 11:36:00-04:00,154.1999969482422,154.22000122070312,154.08999633789062,154.08999633789062,,1311.0
2022-11-02 11:37:00-04:00,154.47000122070312,154.47000122070312,154.17999267578125,154.2899932861328,,13275.0
2022-11-02 11:38:00-04:00,154.2899932861328,154.2899932861328,154.00999450683594,154.2100067138672,,5062.0
2022-11-02 11:39:00-04:00,154.13999938964844,154.27000427246094,154.13999938964844,154.2550048828125,,1347.0
2022-11-02 11:40:00-04:00,154.1300048828125,154.5,154.1300048828125,154.37759399414062,,6268.0
2022-11-02 11:41:00-04:00,154.364501953125,154.364501953125,154.25999450683594,154.3125,,5461.0
2022-11-02 11:42:00-04:00,154.26499938964844,154.33999633789062,154.25,154.33999633789062,,2934.0
2022-11-02 11:43:00-04:00,154.35499572753906,154.3800048828125,154.30999755859375,154.3300018310547,,3029.0
2022-11-02 11:44:00-04:00,154.42999267578125,154.44000244140625,154.42999267578125,154.44000244140625,,2777.0
2022-11-02 11:45:00-04:00,154.42999267578125,154.5399932861328,154.36000061035156,154.42999267578125,,5891.0
2022-11-02 11:46:00-04:00,154.39999389648438,154.39999389648438,154.22000122070312,154.375,,6193.0
2022-11-02 11:47:00-04:00,154.375,154.375,154.07350158691406,154.2100067138672,,4422.0
2022-11-02 11:48:00-04:00,154.21499633789062,154.21499633789062,154.1300048828125,154.2100067138672,,407.0
2022-11-02 11:49:00-04:00,154.3000030517578,154.44000244140625,154.21139526367188,154.35499572753906,,4570.0
2022-11-02 11:50:00-04:00,154.34500122070312,154.34500122070312,154.34500122070312,154.34500122070312,,100.0
2022-11-02 11:51:00-04:00,154.44000244140625,154.60000610351562,154.423095703125,154.47000122070312,,11570.0
2022-11-02 11:52:00-04:00,154.3800048828125,154.41090393066406,154.10499572753906,154.14999389648438,,4253.0
2022-11-02 11:53:00-04:00,154.08999633789062,154.08999633789062,153.8699951171875,153.99000549316406,,2231.0
2022-11-02 11:54:00-04:00,154.07040405273438,154.22000122070312,154.0399932861328,154.22000122070312,,2385.0
2022-11-02 11:55:00-04:00,154.17999267578125,154.27999877929688,154.17999267578125,154.27999877929688,,1134.0
2022-11-02 11:56:00-04:00,154.28529357910156,154.30999755859375,154.1999969482422,154.27789306640625,,2760.0
2022-11-02 11:57:00-04:00,154.24000549316406,154.27000427246094,154.02000427246094,154.1300048828125,,2986.0
2022-11-02 11:58:00-04:00,154.0399932861328,154.16000366210938,154.0399932861328,154.16000366210938,,2380.0
2022-11-02 11:59:00-04:00,154.14500427246094,154.14500427246094,153.85000610351562,154.0,,4999.0
2022-11-02 12:00:00-04:00,154.0,154.0,153.85000610351562,153.92999267578125,,7155.0
2022-11-02 12:01:00-04:00,153.84100341796875,153.9499969482422,153.84100341796875,153.9499969482422,,720.0
2022-11-02 12:03:00-04:00,153.94000244140625,154.0399932861328,153.94000244140625,154.03750610351562,,5962.0
2022-11-02 12:04:00-04:00,154.02000427246094,154.1999969482422,153.9499969482422,154.1999969482422,,5886.0
2022-11-02 12:05:00-04:00,154.125,154.1649932861328,154.02000427246094,154.02000427246094,,2440.0
2022-11-02 12:06:00-04:00,154.0,154.0,153.9499969482422,153.9499969482422,,2059.0
2022-11-02 12:07:00-04:00,153.89999389648438,153.89999389648438,153.59030151367188,153.63999938964844,,5661.0
2022-11-02 12:08:00-04:00,153.63999938964844,153.72999572753906,153.5825958251953,153.72999572753906,,3672.0
2022-11-02 12:09:00-04:00,153.77999877929688,153.97000122070312,153.77999877929688,153.7899932861328,,6116.0
2022-11-02 12:10:00-04:00,153.77999877929688,153.89999389648438,153.7449951171875,153.80999755859375,,3081.0
2022-11-02 12:11:00-04:00,153.75,153.77000427246094,153.74000549316406,153.75,,700.0
2022-11-02 12:12:00-04:00,153.73500061035156,153.77000427246094,153.71400451660156,153.75,,1402.0
2022-11-02 12:13:00-04:00,153.75,153.8000030517578,153.6699981689453,153.6699981689453,,3361.0
2022-11-02 12:14:00-04:00,153.72500610351562,153.80999755859375,153.72500610351562,153.75,,2603.0
2022-11-02 12:15:00-04:00,153.8300018310547,153.8300018310547,153.5,153.51170349121094,,4974.0
2022-11-02 12:16:00-04:00,153.51499938964844,153.5800018310547,153.36000061035156,153.375,,10324.0
2022-11-02 12:17:00-04:00,153.39500427246094,153.48500061035156,153.39500427246094,153.48500061035156,,6919.0
2022-11-02 12:18:00-04:00,153.44000244140625,153.63999938964844,153.39999389648438,153.49769592285156,,7993.0
2022-11-02 12:19:00-04:00,153.52000427246094,153.52000427246094,153.52000427246094,153.52000427246094,,905.0
2022-11-02 12:20:00-04:00,153.52000427246094,153.67970275878906,153.52000427246094,153.67970275878906,,1934.0
2022-11-02 12:21:00-04:00,153.60000610351562,153.6674041748047,153.52430725097656,153.5800018310547,,2600.0
2022-11-02 12:22:00-04:00,153.5500030517578,153.5749969482422,153.44000244140625,153.47000122070312,,3168.0
2022-11-02 12:23:00-04:00,153.39999389648438,153.41000366210938,153.24000549316406,153.25,,3308.0
2022-11-02 12:24:00-04:00,153.32000732421875,153.3699951171875,153.32000732421875,153.3350067138672,,1638.0
2022-11-02 12:25:00-04:00,153.3350067138672,153.3800048828125,153.25,153.3000030517578,,7570.0
2022-11-02 12:26:00-04:00,153.19009399414062,153.3000030517578,153.19009399414062,153.3000030517578,,290.0
2022-11-02 12:27:00-04:00,153.23500061035156,153.3000030517578,153.1699981689453,153.2248992919922,,3676.0
2022-11-02 12:28:00-04:00,153.3000030517578,153.3000030517578,153.1699981689453,153.17999267578125,,2474.0
2022-11-02 12:29:00-04:00,153.21499633789062,153.21499633789062,153.08999633789062,153.1999969482422,,3042.0
2022-11-02 12:30:00-04:00,153.25999450683594,153.33999633789062,153.25999450683594,153.3000030517578,,12882.0
2022-11-02 12:31:00-04:00,153.32000732421875,153.34010314941406,153.22250366210938,153.22250366210938,,3152.0
2022-11-02 12:32:00-04:00,153.16000366210938,153.25,153.1199951171875,153.1199951171875,,4120.0
2022-11-02 12:33:00-04:00,153.14500427246094,153.1999969482422,153.0196990966797,153.09500122070312,,2226.0
2022-11-02 12:34:00-04:00,153.14999389648438,153.18499755859375,152.98500061035156,152.98500061035156,,6694.0
2022-11-02 12:35:00-04:00,152.92999267578125,152.9499969482422,152.83009338378906,152.9113006591797,,1692.0
2022-11-02 12:36:00-04:00,152.9550018310547,153.08999633789062,152.8780059814453,153.08999633789062,,4972.0
2022-11-02 12:37:00-04:00,153.08999633789062,153.13999938964844,153.0500030517578,153.13999938964844,,3582.0
2022-11-02 12:38:00-04:00,153.0800018310547,153.0800018310547,152.74000549316406,152.8699951171875,,4537.0
2022-11-02 12:39:00-04:00,152.8800048828125,153.0052947998047,152.86000061035156,152.9600067138672,,3510.0
2022-11-02 12:40:00-04:00,152.9199981689453,152.94000244140625,152.72000122070312,152.80499267578125,,8458.0
2022-11-02 12:41:00-04:00,152.72000122070312,152.75,152.67999267578125,152.7449951171875,,5603.0
2022-11-02 12:42:00-04:00,152.75,153.05999755859375,152.75,153.00999450683594,,23714.0
2022-11-02 12:43:00-04:00,153.02499389648438,153.16000366210938,153.02499389648438,153.08999633789062,,7112.0
2022-11-02 12:44:00-04:00,153.16000366210938,153.25999450683594,153.16000366210938,153.25,,18828.0
2022-11-02 12:45:00-04:00,153.27000427246094,153.33999633789062,153.27000427246094,153.32000732421875,,3119.0
2022-11-02 12:46:00-04:00,153.2050018310547,153.2050018310547,153.11000061035156,153.16990661621094,,10346.0
2022-11-02 12:47:00-04:00,153.14010620117188,153.14010620117188,152.97000122070312,153.11000061035156,,3316.0
2022-11-02 12:48:00-04:00,153.12710571289062,153.12710571289062,153.0500030517578,153.08999633789062,,1588.0
2022-11-02 12:49:00-04:00,153.18099975585938,153.27000427246094,153.18099975585938,153.25,,4725.0
2022-11-02 12:50:00-04:00,153.32000732421875,153.41000366210938,153.32000732421875,153.38499450683594,,5872.0
2022-11-02 12:51:00-04:00,153.36000061035156,153.41000366210938,153.3300018310547,153.3300018310547,,2058.0
2022-11-02 12:52:00-04:00,153.36500549316406,153.49000549316406,153.35000610351562,153.35000610351562,,5876.0
2022-11-02 12:53:00-04:00,153.4600067138672,153.4600067138672,153.4600067138672,153.4600067138672,,6132.0
2022-11-02 12:54:00-04:00,153.4499969482422,153.4499969482422,153.33999633789062,153.39999389648438,,3023.0
2022-11-02 12:55:00-04:00,153.36500549316406,153.36500549316406,153.36500549316406,153.36500549316406,,480.0
2022-11-02 12:56:00-04:00,153.41000366210938,153.5,153.3699951171875,153.42999267578125,,6743.0
2022-11-02 12:57:00-04:00,153.42999267578125,153.42999267578125,153.42999267578125,153.42999267578125,,178.0
2022-11-02 12:58:00-04:00,153.60000610351562,153.7050018310547,153.60000610351562,153.69000244140625,,5955.0
2022-11-02 12:59:00-04:00,153.6300048828125,153.6300048828125,153.53500366210938,153.56500244140625,,1930.0
2022-11-02 13:00:00-04:00,153.50999450683594,153.5399932861328,153.5,153.5399932861328,,1572.0
2022-11-02 13:01:00-04:00,153.52999877929688,153.52999877929688,153.39999389648438,153.4499969482422,,5037.0
2022-11-02 13:02:00-04:00,153.4499969482422,153.48500061035156,153.4199981689453,153.48500061035156,,1441.0
2022-11-02 13:03:00-04:00,153.48500061035156,153.48500061035156,153.2899932861328,153.2899932861328,,3036.0
2022-11-02 13:04:00-04:00,153.18499755859375,153.26499938964844,153.16000366210938,153.17999267578125,,2034.0
2022-11-02 13:05:00-04:00,153.19000244140625,153.36000061035156,153.0800018310547,153.25999450683594,,14769.0
2022-11-02 13:06:00-04:00,153.22999572753906,153.24000549316406,153.2100067138672,153.24000549316406,,747.0
2022-11-02 13:07:00-04:00,153.02999877929688,153.10000610351562,153.02999877929688,153.10000610351562,,4928.0
2022-11-02 13:08:00-04:00,153.13729858398438,153.22500610351562,153.13729858398438,153.22500610351562,,2758.0
2022-11-02 13:09:00-04:00,153.22500610351562,153.22500610351562,153.0850067138672,153.0850067138672,,3533.0
2022-11-02 13:10:00-04:00,153.1300048828125,153.32000732421875,153.1300048828125,153.25999450683594,,8002.0
2022-11-02 13:11:00-04:00,153.25999450683594,153.25999450683594,153.0800018310547,153.0800018310547,,2972.0
2022-11-02 13:12:00-04:00,152.67999267578125,152.67999267578125,152.67999267578125,152.67999267578125,,8454.0
2022-11-02 13:13:00-04:00,152.75999450683594,152.75999450683594,152.3699951171875,152.3800048828125,,9079.0
2022-11-02 13:14:00-04:00,152.43499755859375,152.5399932861328,152.36000061035156,152.4499969482422,,7049.0
2022-11-02 13:15:00-04:00,152.5,152.52000427246094,152.4600067138672,152.52000427246094,,4032.0
2022-11-02 13:16:00-04:00,152.48500061035156,152.5399932861328,152.47000122070312,152.47000122070312,,2156.0
2022-11-02 13:17:00-04:00,152.5507049560547,152.69000244140625,152.5507049560547,152.67320251464844,,6645.0
2022-11-02 13:18:00-04:00,152.61500549316406,152.72999572753906,152.61000061035156,152.6199951171875,,2776.0
2022-11-02 13:19:00-04:00,152.56500244140625,152.56500244140625,152.5570068359375,152.5570068359375,,1908.0
2022-11-02 13:20:00-04:00,152.6199951171875,152.6199951171875,152.56500244140625,152.56619262695312,,1077.0
2022-11-02 13:21:00-04:00,152.5500030517578,152.61000061035156,152.50999450683594,152.56500244140625,,4350.0
2022-11-02 13:22:00-04:00,152.6199951171875,152.77000427246094,152.60499572753906,152.77000427246094,,4615.0
2022-11-02 13:23:00-04:00,152.80999755859375,152.8300018310547,152.72999572753906,152.8300018310547,,3373.0
2022-11-02 13:24:00-04:00,152.77999877929688,152.77999877929688,152.72999572753906,152.77499389648438,,1939.0
2022-11-02 13:25:00-04:00,152.7626953125,152.77499389648438,152.6999969482422,152.6999969482422,,2404.0
2022-11-02 13:27:00-04:00,152.72999572753906,152.77999877929688,152.67010498046875,152.77999877929688,,6283.0
2022-11-02 13:28:00-04:00,152.7899932861328,152.9600067138672,152.7899932861328,152.9600067138672,,3509.0
2022-11-02 13:29:00-04:00,152.89999389648438,152.9250030517578,152.7899932861328,152.80999755859375,,5826.0
2022-11-02 13:30:00-04:00,152.8300018310547,152.8300018310547,152.75,152.78500366210938,,1724.0
2022-11-02 13:31:00-04:00,152.7899932861328,152.7899932861328,152.72000122070312,152.72000122070312,,5633.0
2022-11-02 13:32:00-04:00,152.7100067138672,152.85000610351562,152.60000610351562,152.61000061035156,,8086.0
2022-11-02 13:33:00-04:00,152.60000610351562,152.6300048828125,152.5800018310547,152.625,,2127.0
2022-11-02 13:34:00-04:00,152.625,152.6999969482422,152.593505859375,152.66000366210938,,3319.0
2022-11-02 13:35:00-04:00,152.6999969482422,152.6999969482422,152.49000549316406,152.61000061035156,,5329.0
2022-11-02 13:36:00-04:00,152.5500030517578,152.67990112304688,152.5500030517578,152.67990112304688,,2328.0
2022-11-02 13:37:00-04:00,152.6300048828125,152.72999572753906,152.61000061035156,152.61000061035156,,1797.0
2022-11-02 13:38:00-04:00,152.63999938964844,152.67999267578125,152.63999938964844,152.65499877929688,,1640.0
2022-11-02 13:39:00-04:00,152.66000366210938,152.7100067138672,152.63999938964844,152.6699981689453,,3642.0
2022-11-02 13:40:00-04:00,152.63999938964844,152.63999938964844,152.36500549316406,152.39999389648438,,14343.0
2022-11-02 13:41:00-04:00,152.4199981689453,152.4199981689453,152.38999938964844,152.39999389648438,,1968.0
2022-11-02 13:42:00-04:00,152.50999450683594,152.50999450683594,152.29820251464844,152.3000030517578,,9797.0
2022-11-02 13:43:00-04:00,152.27999877929688,152.30499267578125,152.14999389648438,152.3000030517578,,5090.0
2022-11-02 13:44:00-04:00,152.30499267578125,152.30499267578125,152.2050018310547,152.2050018310547,,4639.0
2022-11-02 13:46:00-04:00,152.36000061035156,152.4199981689453,152.36000061035156,152.4199981689453,,5637.0
2022-11-02 13:47:00-04:00,152.4600067138672,152.6199951171875,152.44000244140625,152.58999633789062,,5417.0
2022-11-02 13:48:00-04:00,152.6199951171875,152.75999450683594,152.58999633789062,152.72000122070312,,5291.0
2022-11-02 13:49:00-04:00,152.67999267578125,152.72999572753906,152.5,152.72999572753906,,5964.0
2022-11-02 13:50:00-04:00,152.78089904785156,152.9199981689453,152.78089904785156,152.89999389648438,,4988.0
2022-11-02 13:51:00-04:00,152.91000366210938,153.05999755859375,152.875,152.9499969482422,,6704.0
2022-11-02 13:52:00-04:00,152.83999633789062,152.88499450683594,152.82000732421875,152.82000732421875,,2679.0
2022-11-02 13:53:00-04:00,152.84500122070312,152.88999938964844,152.77000427246094,152.8000030517578,,5205.0
2022-11-02 13:54:00-04:00,152.80499267578125,152.88999938964844,152.80499267578125,152.82000732421875,,2246.0
2022-11-02 13:55:00-04:00,152.85499572753906,152.85499572753906,152.8000030517578,152.85499572753906,,975.0
2022-11-02 13:56:00-04:00,152.85499572753906,152.85499572753906,152.6699981689453,152.72000122070312,,5067.0
2022-11-02 13:57:00-04:00,152.77000427246094,152.77000427246094,152.4600067138672,152.4600067138672,,6359.0
2022-11-02 13:58:00-04:00,152.47000122070312,152.52999877929688,152.36000061035156,152.36500549316406,,7333.0
2022-11-02 13:59:00-04:00,152.2899932861328,152.39999389648438,152.27000427246094,152.38999938964844,,3561.0
2022-11-02 14:00:00-04:00,152.39999389648438,153.24000549316406,151.52099609375,152.9149932861328,,48841.0
2022-11-02 14:01:00-04:00,153.22000122070312,154.63999938964844,153.1300048828125,154.63999938964844,,19200.0
2022-11-02 14:02:00-04:00,154.50999450683594,155.00999450683594,154.27999877929688,154.27999877929688,,15459.0
2022-11-02 14:03:00-04:00,154.24000549316406,155.00819396972656,154.23489379882812,154.9600067138672,,6392.0
2022-11-02 14:04:00-04:00,154.7550048828125,154.79989624023438,153.89999389648438,154.52000427246094,,8926.0
2022-11-02 14:05:00-04:00,154.55999755859375,154.7899932861328,154.3000030517578,154.3000030517578,,4064.0
2022-11-02 14:06:00-04:00,154.55499267578125,154.6999969482422,154.39999389648438,154.5749969482422,,17265.0
2022-11-02 14:07:00-04:00,154.23500061035156,154.23500061035156,154.23500061035156,154.23500061035156,,11386.0
2022-11-02 14:08:00-04:00,154.24000549316406,154.74000549316406,154.24000549316406,154.63999938964844,,10184.0
2022-11-02 14:09:00-04:00,154.6300048828125,154.68499755859375,154.4600067138672,154.4600067138672,,4243.0
2022-11-02 14:10:00-04:00,154.35000610351562,154.5800018310547,154.27999877929688,154.51499938964844,,7476.0
2022-11-02 14:11:00-04:00,153.84829711914062,153.85000610351562,153.55999755859375,153.63999938964844,,17046.0
2022-11-02 14:12:00-04:00,153.72000122070312,153.85000610351562,153.61000061035156,153.75,,4073.0
2022-11-02 14:13:00-04:00,154.2050018310547,154.3000030517578,154.0,154.0399932861328,,14319.0
2022-11-02 14:14:00-04:00,154.125,154.20730590820312,153.97999572753906,153.97999572753906,,1589.0
2022-11-02 14:15:00-04:00,154.48019409179688,154.48019409179688,153.79029846191406,153.8249969482422,,23937.0
2022-11-02 14:16:00-04:00,153.85000610351562,154.1082000732422,153.64999389648438,153.75999450683594,,7179.0
2022-11-02 14:17:00-04:00,153.7050018310547,153.75999450683594,153.1999969482422,153.1999969482422,,9103.0
2022-11-02 14:18:00-04:00,153.3300018310547,153.8300018310547,153.2449951171875,153.73500061035156,,8925.0
2022-11-02 14:19:00-04:00,153.72999572753906,153.8300018310547,153.50999450683594,153.6999969482422,,5270.0
2022-11-02 14:20:00-04:00,153.8000030517578,154.0198974609375,153.7100067138672,153.81500244140625,,4533.0
2022-11-02 14:21:00-04:00,153.82000732421875,154.38999938964844,153.82000732421875,154.3699951171875,,15900.0
2022-11-02 14:22:00-04:00,154.38999938964844,154.52000427246094,154.07000732421875,154.14999389648438,,13664.0
2022-11-02 14:23:00-04:00,154.125,154.4199981689453,154.08999633789062,154.30499267578125,,17131.0
2022-11-02 14:24:00-04:00,154.36000061035156,154.38999938964844,154.19000244140625,154.30499267578125,,5436.0
2022-11-02 14:25:00-04:00,154.30499267578125,154.30499267578125,154.02000427246094,154.13499450683594,,6107.0
2022-11-02 14:26:00-04:00,154.0800018310547,154.32000732421875,154.0800018310547,154.25999450683594,,7641.0
2022-11-02 14:27:00-04:00,154.22000122070312,154.33999633789062,154.14999389648438,154.3249969482422,,9138.0
2022-11-02 14:28:00-04:00,154.36000061035156,154.5399932861328,154.30999755859375,154.52000427246094,,14529.0
2022-11-02 14:29:00-04:00,154.5399932861328,154.60000610351562,154.44000244140625,154.5449981689453,,14200.0
2022-11-02 14:30:00-04:00,154.5399932861328,154.6699981689453,154.1199951171875,154.22500610351562,,20810.0
2022-11-02 14:31:00-04:00,154.1300048828125,154.13999938964844,153.5399932861328,153.6750030517578,,48470.0
2022-11-02 14:32:00-04:00,153.75999450683594,153.91000366210938,153.3800048828125,153.7899932861328,,16977.0
2022-11-02 14:33:00-04:00,153.7899932861328,153.7899932861328,153.50999450683594,153.64999389648438,,7263.0
2022-11-02 14:34:00-04:00,153.65469360351562,153.7100067138672,153.36000061035156,153.61000061035156,,12130.0
2022-11-02 14:35:00-04:00,153.4499969482422,154.36000061035156,153.44320678710938,154.32000732421875,,20308.0
2022-11-02 14:36:00-04:00,154.30999755859375,154.32000732421875,152.9600067138672,152.9600067138672,,9458.0
2022-11-02 14:37:00-04:00,152.2050018310547,152.4250030517578,151.0,151.02130126953125,,31508.0
2022-11-02 14:38:00-04:00,151.10000610351562,151.1999969482422,150.88999938964844,151.1999969482422,,6271.0
2022-11-02 14:39:00-04:00,151.0399932861328,151.7100067138672,150.88999938964844,151.3800048828125,,42493.0
2022-11-02 14:40:00-04:00,151.53500366210938,151.9199981689453,151.4199981689453,151.57000732421875,,10561.0
2022-11-02 14:41:00-04:00,151.66000366210938,152.08999633789062,150.89999389648438,152.0760955810547,,16533.0
2022-11-02 14:42:00-04:00,151.9949951171875,152.64999389648438,151.8800048828125,152.2899932861328,,23283.0
2022-11-02 14:43:00-04:00,152.42999267578125,152.52999877929688,151.58999633789062,151.9250030517578,,20591.0
2022-11-02 14:44:00-04:00,151.92999267578125,152.16000366210938,151.57000732421875,151.67999267578125,,12933.0
2022-11-02 14:45:00-04:00,151.52999877929688,151.7100067138672,151.3800048828125,151.64999389648438,,27673.0
2022-11-02 14:46:00-04:00,151.58999633789062,151.82000732421875,151.10000610351562,151.3800048828125,,19670.0
2022-11-02 14:47:00-04:00,151.27999877929688,151.44000244140625,151.14999389648438,151.36000061035156,,11794.0
2022-11-02 14:48:00-04:00,151.30999755859375,151.47000122070312,151.0,151.2100067138672,,14579.0
2022-11-02 14:49:00-04:00,151.11000061035156,151.4499969482422,150.97000122070312,151.0,,13264.0
2022-11-02 14:50:00-04:00,151.07000732421875,151.17999267578125,150.32000732421875,150.32000732421875,,19455.0
2022-11-02 14:51:00-04:00,150.2899932861328,150.2899932861328,149.33999633789062,149.39999389648438,,22647.0
2022-11-02 14:52:00-04:00,149.52000427246094,149.75999450683594,149.25,149.63999938964844,,9595.0
2022-11-02 14:53:00-04:00,149.59500122070312,149.65499877929688,149.42999267578125,149.5500030517578,,22746.0
2022-11-02 14:54:00-04:00,149.47000122070312,150.05999755859375,149.3800048828125,149.99000549316406,,9465.0
2022-11-02 14:55:00-04:00,150.0800018310547,150.4499053955078,149.66000366210938,149.88999938964844,,17158.0
2022-11-02 14:56:00-04:00,149.80499267578125,150.03990173339844,149.6750030517578,149.9149932861328,,17020.0
2022-11-02 14:57:00-04:00,149.8000030517578,150.02999877929688,149.69000244140625,149.99000549316406,,12102.0
2022-11-02 14:58:00-04:00,149.99000549316406,150.17999267578125,149.7801055908203,149.99000549316406,,32015.0
2022-11-02 14:59:00-04:00,149.97000122070312,150.05499267578125,149.91000366210938,149.91000366210938,,10012.0
2022-11-02 15:00:00-04:00,149.80999755859375,150.14990234375,149.63009643554688,150.14990234375,,20660.0
2022-11-02 15:01:00-04:00,150.01499938964844,150.0800018310547,149.72999572753906,149.85000610351562,,21238.0
2022-11-02 15:02:00-04:00,149.85000610351562,149.97000122070312,149.8000030517578,149.88040161132812,,10263.0
2022-11-02 15:03:00-04:00,149.9199981689453,150.0,149.9199981689453,150.0,,26568.0
2022-11-02 15:04:00-04:00,149.9600067138672,150.38999938964844,149.8699951171875,150.02000427246094,,19101.0
2022-11-02 15:05:00-04:00,150.0,150.60000610351562,149.8699951171875,150.60000610351562,,16080.0
2022-11-02 15:06:00-04:00,150.4499969482422,150.5142059326172,150.10000610351562,150.22999572753906,,14726.0
2022-11-02 15:07:00-04:00,150.2957000732422,150.6199951171875,150.2957000732422,150.4199981689453,,10098.0
2022-11-02 15:08:00-04:00,150.4149932861328,151.3699951171875,150.38999938964844,151.3699951171875,,14931.0
2022-11-02 15:09:00-04:00,151.35000610351562,151.64889526367188,151.2100067138672,151.5500030517578,,11988.0
2022-11-02 15:10:00-04:00,151.55499267578125,151.55499267578125,151.0,151.16000366210938,,9238.0
2022-11-02 15:11:00-04:00,151.16000366210938,151.20179748535156,150.92999267578125,150.92999267578125,,5543.0
2022-11-02 15:12:00-04:00,150.91000366210938,151.24000549316406,150.85870361328125,151.22500610351562,,4816.0
2022-11-02 15:13:00-04:00,151.1699981689453,151.2100067138672,150.97000122070312,150.97000122070312,,8931.0
2022-11-02 15:14:00-04:00,150.9499969482422,151.02000427246094,150.88999938964844,150.90499877929688,,7204.0
2022-11-02 15:15:00-04:00,150.8300018310547,150.86000061035156,150.42999267578125,150.50999450683594,,14530.0
2022-11-02 15:16:00-04:00,150.35499572753906,150.49989318847656,150.1300048828125,150.14999389648438,,11602.0
2022-11-02 15:17:00-04:00,150.1300048828125,150.3300018310547,150.0800018310547,150.1699981689453,,12434.0
2022-11-02 15:18:00-04:00,150.14999389648438,150.14999389648438,149.80169677734375,150.08999633789062,,16451.0
2022-11-02 15:19:00-04:00,150.00999450683594,150.14999389648438,149.97000122070312,150.0449981689453,,10581.0
2022-11-02 15:20:00-04:00,150.0399932861328,150.0399932861328,149.86000061035156,149.87130737304688,,4969.0
2022-11-02 15:21:00-04:00,149.4949951171875,149.64999389648438,149.4499969482422,149.5,,36428.0
2022-11-02 15:22:00-04:00,149.49000549316406,149.49000549316406,149.49000549316406,149.49000549316406,,100.0
2022-11-02 15:23:00-04:00,149.50999450683594,149.5679931640625,149.30999755859375,149.35519409179688,,18508.0
2022-11-02 15:24:00-04:00,149.36000061035156,149.55999755859375,149.24000549316406,149.38160705566406,,26076.0
2022-11-02 15:25:00-04:00,149.4467010498047,149.5,149.08999633789062,149.13999938964844,,39138.0
2022-11-02 15:26:00-04:00,149.1199951171875,149.1699981689453,148.99000549316406,149.11500549316406,,92775.0
2022-11-02 15:27:00-04:00,149.16990661621094,149.17999267578125,149.0,149.07000732421875,,41613.0
2022-11-02 15:28:00-04:00,149.02999877929688,149.1300048828125,148.8000946044922,148.8000946044922,,116524.0
2022-11-02 15:29:00-04:00,148.86000061035156,149.1999969482422,148.80999755859375,149.14999389648438,,44113.0
2022-11-02 15:30:00-04:00,149.1300048828125,149.1300048828125,148.75999450683594,148.91000366210938,,22762.0
2022-11-02 15:31:00-04:00,148.86000061035156,149.10000610351562,148.75,148.97000122070312,,30594.0
2022-11-02 15:32:00-04:00,148.97000122070312,148.97000122070312,148.35069274902344,148.4149932861328,,20936.0
2022-11-02 15:33:00-04:00,148.36000061035156,148.84249877929688,148.3000030517578,148.84249877929688,,25988.0
2022-11-02 15:34:00-04:00,148.8800048828125,148.99000549316406,148.83999633789062,148.92999267578125,,28755.0
2022-11-02 15:35:00-04:00,148.91000366210938,148.94500732421875,148.74000549316406,148.75999450683594,,12641.0
2022-11-02 15:36:00-04:00,148.63999938964844,149.05999755859375,148.63999938964844,149.05999755859375,,56760.0
2022-11-02 15:37:00-04:00,149.0050048828125,149.38999938964844,149.0050048828125,149.38999938964844,,28821.0
2022-11-02 15:38:00-04:00,149.36000061035156,149.36000061035156,148.97000122070312,149.03599548339844,,21119.0
2022-11-02 15:39:00-04:00,149.00999450683594,149.00999450683594,148.8824005126953,149.0,,16750.0
2022-11-02 15:40:00-04:00,148.9600067138672,149.0,148.77000427246094,148.77000427246094,,28787.0
2022-11-02 15:41:00-04:00,148.8000030517578,149.11480712890625,148.72000122070312,148.8616943359375,,22762.0
2022-11-02 15:42:00-04:00,148.92999267578125,149.16000366210938,148.85000610351562,148.9499969482422,,20438.0
2022-11-02 15:43:00-04:00,148.89999389648438,149.0449981689453,148.875,149.02999877929688,,19841.0
2022-11-02 15:44:00-04:00,149.05999755859375,149.24000549316406,149.05999755859375,149.1649932861328,,24129.0
2022-11-02 15:45:00-04:00,149.1699981689453,149.1699981689453,148.9499969482422,149.02000427246094,,24819.0
2022-11-02 15:46:00-04:00,149.02999877929688,149.28500366210938,148.92999267578125,149.16000366210938,,25983.0
2022-11-02 15:47:00-04:00,149.1199951171875,149.49000549316406,149.1199951171875,149.2899932861328,,24588.0
2022-11-02 15:48:00-04:00,149.33999633789062,149.63999938964844,149.28500366210938,149.28500366210938,,14254.0
2022-11-02 15:49:00-04:00,149.28500366210938,149.4803009033203,149.22000122070312,149.33999633789062,,17280.0
2022-11-02 15:50:00-04:00,149.49000549316406,149.49000549316406,148.94000244140625,149.0449981689453,,43768.0
2022-11-02 15:51:00-04:00,148.91000366210938,148.97999572753906,148.6199951171875,148.63999938964844,,29128.0
2022-11-02 15:52:00-04:00,148.63999938964844,148.73379516601562,148.3800048828125,148.47999572753906,,23909.0
2022-11-02 15:53:00-04:00,148.42999267578125,148.8800048828125,148.42999267578125,148.68499755859375,,24466.0
2022-11-02 15:54:00-04:00,148.64999389648438,148.71600341796875,148.3800048828125,148.58999633789062,,42305.0
2022-11-02 15:55:00-04:00,148.58999633789062,149.125,148.47000122070312,149.02000427246094,,56391.0
2022-11-02 15:56:00-04:00,148.9600067138672,149.13999938964844,148.80999755859375,148.97999572753906,,44314.0
2022-11-02 15:57:00-04:00,149.00999450683594,149.11000061035156,148.8800048828125,148.96499633789062,,45930.0
2022-11-02 15:58:00-04:00,148.9600067138672,149.10000610351562,148.77000427246094,148.84500122070312,,62500.0
2022-11-02 15:59:00-04:00,148.83999633789062,149.11000061035156,148.47999572753906,148.49000549316406,,115469.0
2022-11-03 09:30:00-04:00,138.75999450683594,138.86000061035156,136.0,136.02000427246094,,1282250.0
2022-11-03 09:33:00-04:00,138.16000366210938,142.7888946533203,137.8800048828125,142.44000244140625,,437927.0
2022-11-03 09:34:00-04:00,142.1909942626953,142.88999938964844,141.33999633789062,141.8800048828125,,96260.0
2022-11-03 09:35:00-04:00,142.1999969482422,144.8699951171875,141.19000244140625,143.60000610351562,,132556.0
2022-11-03 09:36:00-04:00,143.91000366210938,143.91000366210938,141.55299377441406,142.62010192871094,,84487.0
2022-11-03 09:37:00-04:00,142.7899932861328,143.3800048828125,141.82009887695312,142.39999389648438,,41765.0
2022-11-03 09:38:00-04:00,142.39500427246094,144.0998992919922,142.08999633789062,143.83999633789062,,63767.0
2022-11-03 09:39:00-04:00,143.7899932861328,145.5399932861328,143.14999389648438,144.27999877929688,,105278.0
2022-11-03 09:40:00-04:00,144.3000030517578,144.97000122070312,142.49000549316406,143.00999450683594,,90709.0
2022-11-03 09:41:00-04:00,143.0,143.14999389648438,141.61000061035156,141.66000366210938,,68199.0
2022-11-03 09:42:00-04:00,142.02999877929688,142.310302734375,141.60000610351562,142.10000610351562,,59824.0
2022-11-03 09:43:00-04:00,142.14999389648438,142.86180114746094,141.22999572753906,142.5,,62837.0
2022-11-03 09:44:00-04:00,142.3800048828125,144.75999450683594,142.32000732421875,144.5,,26260.0
2022-11-03 09:45:00-04:00,144.41000366210938,144.47000122070312,143.36000061035156,143.7949981689453,,54592.0
2022-11-03 09:46:00-04:00,143.77999877929688,145.47999572753906,143.00010681152344,144.92999267578125,,72978.0
2022-11-03 09:47:00-04:00,145.24249267578125,145.24249267578125,144.0800018310547,144.5399932861328,,35180.0
2022-11-03 09:48:00-04:00,144.5399932861328,144.55499267578125,142.9499969482422,143.13070678710938,,42266.0
2022-11-03 09:49:00-04:00,142.89999389648438,144.0,142.72999572753906,143.7949981689453,,33376.0
2022-11-03 09:50:00-04:00,143.8699951171875,144.4499969482422,143.41299438476562,144.4499969482422,,51762.0
2022-11-03 09:51:00-04:00,144.0500030517578,144.61500549316406,143.13999938964844,143.63999938964844,,40596.0
2022-11-03 09:52:00-04:00,143.61000061035156,145.0,143.52749633789062,144.7100067138672,,42312.0
2022-11-03 09:53:00-04:00,144.9199981689453,145.39999389648438,144.69000244140625,145.2899932861328,,46006.0
2022-11-03 09:54:00-04:00,145.19839477539062,146.52000427246094,144.83999633789062,146.30999755859375,,79744.0
2022-11-03 09:55:00-04:00,146.33999633789062,146.57000732421875,145.61000061035156,146.4499969482422,,42746.0
2022-11-03 09:56:00-04:00,146.62950134277344,146.64999389648438,145.69000244140625,146.18910217285156,,76857.0
2022-11-03 09:57:00-04:00,146.10000610351562,146.1199951171875,145.35000610351562,145.7899932861328,,35827.0
2022-11-03 09:58:00-04:00,145.9293975830078,146.08999633789062,144.6999969482422,144.89999389648438,,43239.0
2022-11-03 09:59:00-04:00,144.74009704589844,146.10000610351562,144.74009704589844,146.10000610351562,,25712.0
2022-11-03 10:00:00-04:00,146.11000061035156,146.63999938964844,145.0800018310547,145.3542938232422,,51869.0
2022-11-03 10:01:00-04:00,145.36329650878906,146.25,144.85000610351562,146.11000061035156,,42377.0
2022-11-03 10:02:00-04:00,146.18499755859375,147.33999633789062,145.85000610351562,147.02000427246094,,59656.0
2022-11-03 10:03:00-04:00,147.0800018310547,148.5,146.9199981689453,148.2100067138672,,93590.0
2022-11-03 10:04:00-04:00,148.44000244140625,148.5,147.82000732421875,148.19000244140625,,53727.0
2022-11-03 10:05:00-04:00,148.19000244140625,148.44000244140625,147.66799926757812,148.0,,76238.0
2022-11-03 10:06:00-04:00,148.00729370117188,149.89999389648438,147.89999389648438,149.7100067138672,,81416.0
2022-11-03 10:07:00-04:00,149.92999267578125,150.74639892578125,149.1999969482422,149.51499938964844,,110766.0
2022-11-03 10:08:00-04:00,149.35000610351562,149.4799041748047,148.33999633789062,148.9499969482422,,61137.0
2022-11-03 10:09:00-04:00,149.08999633789062,149.33999633789062,148.33999633789062,148.45010375976562,,25331.0
2022-11-03 10:10:00-04:00,148.7899932861328,149.33999633789062,148.39999389648438,148.4824981689453,,38921.0
2022-11-03 10:11:00-04:00,148.55999755859375,149.14999389648438,148.14999389648438,149.0500030517578,,28954.0
2022-11-03 10:12:00-04:00,149.10000610351562,149.61000061035156,148.77999877929688,149.0780029296875,,37793.0
2022-11-03 10:13:00-04:00,149.05999755859375,149.05999755859375,147.75,148.10000610351562,,36418.0
2022-11-03 10:14:00-04:00,148.10499572753906,148.67999267578125,148.10499572753906,148.49000549316406,,28032.0
2022-11-03 10:15:00-04:00,148.3800048828125,149.0,148.10000610351562,148.72799682617188,,46981.0
2022-11-03 10:16:00-04:00,148.82000732421875,149.0,148.39999389648438,148.5,,31411.0
2022-11-03 10:17:00-04:00,148.6300048828125,148.83999633789062,147.19679260253906,148.13999938964844,,60006.0
2022-11-03 10:18:00-04:00,147.77000427246094,148.1300048828125,147.41009521484375,147.73989868164062,,19461.0
2022-11-03 10:19:00-04:00,147.83999633789062,148.2198944091797,147.58999633789062,147.7899932861328,,23360.0
2022-11-03 10:20:00-04:00,147.82000732421875,147.9600067138672,146.5800018310547,146.7100067138672,,36267.0
2022-11-03 10:21:00-04:00,146.7100067138672,146.9600067138672,146.3000030517578,146.7550048828125,,49263.0
2022-11-03 10:22:00-04:00,146.9600067138672,147.8699951171875,146.6300048828125,147.63999938964844,,21671.0
2022-11-03 10:23:00-04:00,147.52999877929688,148.57000732421875,147.44000244140625,148.2855987548828,,37257.0
2022-11-03 10:24:00-04:00,148.11000061035156,148.13519287109375,147.52999877929688,147.66000366210938,,26611.0
2022-11-03 10:25:00-04:00,147.6300048828125,148.468994140625,147.5800018310547,148.35000610351562,,27911.0
2022-11-03 10:26:00-04:00,148.3249969482422,148.75,148.1999969482422,148.44000244140625,,28610.0
2022-11-03 10:27:00-04:00,148.7100067138672,149.75,148.27999877929688,149.7100067138672,,60198.0
2022-11-03 10:28:00-04:00,149.6199951171875,149.7100067138672,148.8488006591797,149.0,,22208.0
2022-11-03 10:29:00-04:00,148.8699951171875,149.67990112304688,148.80999755859375,149.39999389648438,,29208.0
2022-11-03 10:30:00-04:00,149.4499969482422,149.5821990966797,148.9600067138672,149.2050018310547,,14168.0
2022-11-03 10:31:00-04:00,149.22000122070312,149.3300018310547,148.60000610351562,148.6199951171875,,17525.0
2022-11-03 10:32:00-04:00,148.97000122070312,149.2899932861328,148.4001007080078,149.0399932861328,,21926.0
2022-11-03 10:33:00-04:00,149.19500732421875,149.88999938964844,148.99000549316406,149.85000610351562,,30642.0
2022-11-03 10:34:00-04:00,149.7050018310547,149.88999938964844,149.5,149.88999938964844,,17227.0
2022-11-03 10:35:00-04:00,149.7100067138672,150.22000122070312,149.2801055908203,149.47500610351562,,82136.0
2022-11-03 10:36:00-04:00,149.47000122070312,149.88999938964844,149.4600067138672,149.5850067138672,,18290.0
2022-11-03 10:37:00-04:00,149.6699981689453,150.0,149.44000244140625,149.92999267578125,,17923.0
2022-11-03 10:38:00-04:00,149.86000061035156,149.92999267578125,149.41000366210938,149.85000610351562,,13800.0
2022-11-03 10:39:00-04:00,149.77000427246094,150.1300048828125,149.5500946044922,150.02000427246094,,18341.0
2022-11-03 10:40:00-04:00,149.99000549316406,150.17999267578125,149.41000366210938,149.75999450683594,,34618.0
2022-11-03 10:41:00-04:00,149.8000030517578,150.24989318847656,149.8000030517578,150.24989318847656,,19134.0
2022-11-03 10:42:00-04:00,150.24000549316406,150.39999389648438,149.87460327148438,150.24000549316406,,27625.0
2022-11-03 10:43:00-04:00,150.16000366210938,150.5500030517578,150.1300048828125,150.33999633789062,,13107.0
2022-11-03 10:44:00-04:00,150.47000122070312,150.47000122070312,150.00010681152344,150.18499755859375,,14892.0
2022-11-03 10:45:00-04:00,150.18499755859375,150.6300048828125,149.91000366210938,150.3625030517578,,25988.0
2022-11-03 10:46:00-04:00,150.2899932861328,150.36000061035156,150.11000061035156,150.2899932861328,,11961.0
2022-11-03 10:47:00-04:00,150.11000061035156,150.3800048828125,149.91009521484375,150.3699951171875,,23007.0
2022-11-03 10:48:00-04:00,150.3699951171875,150.60000610351562,150.27000427246094,150.5926055908203,,19541.0
2022-11-03 10:49:00-04:00,150.50999450683594,150.62989807128906,149.69000244140625,149.8300018310547,,22785.0
2022-11-03 10:50:00-04:00,149.8300018310547,149.88999938964844,148.75,149.02000427246094,,34397.0
2022-11-03 10:51:00-04:00,149.0,149.1300048828125,148.3800048828125,149.00999450683594,,30107.0
2022-11-03 10:52:00-04:00,149.0,149.8699951171875,148.64999389648438,149.83999633789062,,28099.0
2022-11-03 10:53:00-04:00,149.5399932861328,149.72329711914062,149.3000030517578,149.5500030517578,,6761.0
2022-11-03 10:54:00-04:00,149.5496063232422,149.9499969482422,149.25999450683594,149.34500122070312,,34176.0
2022-11-03 10:55:00-04:00,149.2899932861328,149.60000610351562,148.60000610351562,148.78579711914062,,19529.0
2022-11-03 10:56:00-04:00,148.9499969482422,149.10000610351562,148.5,148.6750030517578,,8630.0
2022-11-03 10:57:00-04:00,148.61000061035156,148.7100067138672,148.14999389648438,148.63250732421875,,18890.0
2022-11-03 10:58:00-04:00,148.55999755859375,148.80999755859375,148.44000244140625,148.51600646972656,,8092.0
2022-11-03 10:59:00-04:00,148.5050048828125,148.75,148.25999450683594,148.36000061035156,,10396.0
2022-11-03 11:00:00-04:00,148.36000061035156,148.72999572753906,148.1300048828125,148.1300048828125,,10780.0
2022-11-03 11:01:00-04:00,148.19500732421875,148.75,148.07000732421875,148.3000030517578,,16906.0
2022-11-03 11:02:00-04:00,148.32000732421875,148.98919677734375,148.26499938964844,148.72999572753906,,19683.0
2022-11-03 11:03:00-04:00,148.74000549316406,148.74000549316406,148.24000549316406,148.4199981689453,,9395.0
2022-11-03 11:04:00-04:00,148.38999938964844,148.67990112304688,148.22000122070312,148.47000122070312,,11569.0
2022-11-03 11:05:00-04:00,148.53500366210938,148.83999633789062,148.33999633789062,148.49000549316406,,23365.0
2022-11-03 11:06:00-04:00,148.47000122070312,148.63999938964844,148.32659912109375,148.52499389648438,,9427.0
2022-11-03 11:07:00-04:00,148.4949951171875,148.4949951171875,148.0,148.23500061035156,,10025.0
2022-11-03 11:08:00-04:00,148.02000427246094,148.5850067138672,148.0,148.38499450683594,,14888.0
2022-11-03 11:09:00-04:00,148.3699951171875,148.80999755859375,148.2899932861328,148.777099609375,,8058.0
2022-11-03 11:10:00-04:00,148.6750030517578,148.6750030517578,147.80999755859375,147.94000244140625,,20456.0
2022-11-03 11:11:00-04:00,148.0449981689453,148.0449981689453,147.89010620117188,147.89100646972656,,1603.0
2022-11-03 11:12:00-04:00,147.82009887695312,148.22999572753906,147.3708953857422,147.3708953857422,,39697.0
2022-11-03 11:13:00-04:00,147.60000610351562,147.60000610351562,147.60000610351562,147.60000610351562,,31317.0
2022-11-03 11:14:00-04:00,147.69000244140625,147.75,147.03799438476562,147.08999633789062,,29190.0
2022-11-03 11:15:00-04:00,147.22000122070312,147.78250122070312,147.07000732421875,147.25,,15902.0
2022-11-03 11:16:00-04:00,147.28280639648438,147.49000549316406,147.02999877929688,147.47999572753906,,12972.0
2022-11-03 11:17:00-04:00,147.36500549316406,147.5,147.0800018310547,147.22500610351562,,13620.0
2022-11-03 11:18:00-04:00,147.22500610351562,147.52999877929688,147.0800018310547,147.17999267578125,,27731.0
2022-11-03 11:19:00-04:00,147.17999267578125,147.5399932861328,147.0800018310547,147.5,,31989.0
2022-11-03 11:20:00-04:00,147.5399932861328,147.63999938964844,147.4550018310547,147.5749969482422,,18125.0
2022-11-03 11:21:00-04:00,147.58999633789062,147.6199951171875,147.4550018310547,147.50999450683594,,5382.0
2022-11-03 11:22:00-04:00,147.50999450683594,147.50999450683594,146.8699951171875,147.03500366210938,,22416.0
2022-11-03 11:23:00-04:00,147.02999877929688,147.08999633789062,146.6300048828125,146.8699951171875,,14610.0
2022-11-03 11:24:00-04:00,147.08999633789062,147.08999633789062,146.5800018310547,146.94000244140625,,10207.0
2022-11-03 11:25:00-04:00,146.48599243164062,146.72000122070312,146.30999755859375,146.72000122070312,,44021.0
2022-11-03 11:26:00-04:00,146.64999389648438,146.94000244140625,146.58999633789062,146.94000244140625,,21717.0
2022-11-03 11:27:00-04:00,146.92999267578125,146.9499969482422,146.52000427246094,146.67999267578125,,15618.0
2022-11-03 11:28:00-04:00,146.67999267578125,146.67999267578125,146.4199981689453,146.4199981689453,,1384.0
2022-11-03 11:29:00-04:00,146.5449981689453,146.5449981689453,146.1999969482422,146.25999450683594,,15232.0
2022-11-03 11:30:00-04:00,146.24000549316406,146.45730590820312,146.19000244140625,146.3350067138672,,8687.0
2022-11-03 11:31:00-04:00,146.3350067138672,147.0,146.3350067138672,146.4199981689453,,17261.0
2022-11-03 11:32:00-04:00,146.4499969482422,146.4499969482422,145.97999572753906,146.00999450683594,,24068.0
2022-11-03 11:33:00-04:00,146.02499389648438,146.05999755859375,145.6699981689453,145.77999877929688,,11119.0
2022-11-03 11:34:00-04:00,145.6501007080078,146.0782928466797,145.6501007080078,145.94000244140625,,27650.0
2022-11-03 11:35:00-04:00,145.8800048828125,146.25,145.80999755859375,145.89999389648438,,12674.0
2022-11-03 11:36:00-04:00,146.0,146.5,146.0,146.39999389648438,,15261.0
2022-11-03 11:37:00-04:00,146.4499969482422,146.49000549316406,146.0,146.00999450683594,,15365.0
2022-11-03 11:38:00-04:00,146.07000732421875,146.1300048828125,145.94500732421875,146.125,,9674.0
2022-11-03 11:39:00-04:00,146.19000244140625,146.74000549316406,146.0800018310547,146.5,,15797.0
2022-11-03 11:40:00-04:00,146.38999938964844,146.60000610351562,146.22999572753906,146.47000122070312,,6068.0
2022-11-03 11:41:00-04:00,146.3699951171875,146.47860717773438,146.2899932861328,146.3000030517578,,2861.0
2022-11-03 11:42:00-04:00,146.3101043701172,146.41000366210938,146.0399932861328,146.33999633789062,,8101.0
2022-11-03 11:43:00-04:00,146.3000030517578,146.60000610351562,146.3000030517578,146.55999755859375,,7506.0
2022-11-03 11:44:00-04:00,146.4600067138672,146.4600067138672,146.22000122070312,146.24000549316406,,9930.0
2022-11-03 11:45:00-04:00,146.3699951171875,146.5500030517578,146.2100067138672,146.42999267578125,,15484.0
2022-11-03 11:46:00-04:00,146.3800048828125,146.63999938964844,146.36000061035156,146.48500061035156,,10263.0
2022-11-03 11:47:00-04:00,146.40499877929688,146.44000244140625,146.00999450683594,146.09500122070312,,8534.0
2022-11-03 11:48:00-04:00,146.17999267578125,146.35000610351562,146.13499450683594,146.27000427246094,,7755.0
2022-11-03 11:49:00-04:00,146.2550048828125,146.2550048828125,146.10000610351562,146.1649932861328,,4873.0
2022-11-03 11:50:00-04:00,146.10000610351562,146.5399932861328,145.9600067138672,146.5050048828125,,15992.0
2022-11-03 11:51:00-04:00,146.39500427246094,146.39999389648438,146.0500030517578,146.1699981689453,,9280.0
2022-11-03 11:52:00-04:00,146.1920928955078,146.1999969482422,146.10000610351562,146.125,,2363.0
2022-11-03 11:53:00-04:00,146.0749969482422,146.10350036621094,145.85000610351562,146.00999450683594,,18822.0
2022-11-03 11:54:00-04:00,146.00999450683594,146.10000610351562,145.52999877929688,145.53500366210938,,20516.0
2022-11-03 11:55:00-04:00,144.9550018310547,144.96499633789062,144.9470977783203,144.96499633789062,,58198.0
2022-11-03 11:56:00-04:00,144.96499633789062,144.96499633789062,144.25999450683594,144.60499572753906,,42609.0
2022-11-03 11:57:00-04:00,144.52999877929688,144.82000732421875,144.52999877929688,144.69000244140625,,10405.0
2022-11-03 11:58:00-04:00,144.69000244140625,144.7899932861328,144.22000122070312,144.22000122070312,,16127.0
2022-11-03 11:59:00-04:00,144.1999969482422,144.30999755859375,144.13999938964844,144.14500427246094,,24481.0
2022-11-03 12:00:00-04:00,144.14500427246094,144.24000549316406,143.8699951171875,143.9499969482422,,19525.0
2022-11-03 12:01:00-04:00,143.89500427246094,144.05999755859375,143.8114013671875,144.0,,19623.0
2022-11-03 12:02:00-04:00,144.0,144.0,143.80999755859375,143.86000061035156,,6392.0
2022-11-03 12:03:00-04:00,143.9199981689453,144.10000610351562,143.86000061035156,143.94000244140625,,16508.0
2022-11-03 12:04:00-04:00,143.83999633789062,144.07000732421875,143.82000732421875,144.0500030517578,,10132.0
2022-11-03 12:05:00-04:00,144.0,144.11000061035156,143.8300018310547,143.85000610351562,,12941.0
2022-11-03 12:06:00-04:00,143.94500732421875,144.02999877929688,143.9250030517578,143.9250030517578,,2664.0
2022-11-03 12:07:00-04:00,143.8249969482422,143.8249969482422,143.77000427246094,143.77000427246094,,13444.0
2022-11-03 12:08:00-04:00,143.67999267578125,143.67999267578125,143.17999267578125,143.2899932861328,,18950.0
2022-11-03 12:09:00-04:00,143.22999572753906,143.45989990234375,143.07000732421875,143.27999877929688,,10871.0
2022-11-03 12:10:00-04:00,143.26499938964844,144.0,143.17999267578125,143.8769989013672,,21742.0
2022-11-03 12:11:00-04:00,143.89999389648438,143.91000366210938,143.67999267578125,143.72000122070312,,8092.0
2022-11-03 12:12:00-04:00,143.7899932861328,144.02000427246094,143.65789794921875,144.0,,16232.0
2022-11-03 12:13:00-04:00,143.9550018310547,144.11000061035156,143.67999267578125,143.7449951171875,,27082.0
2022-11-03 12:14:00-04:00,143.72500610351562,144.0500030517578,143.72500610351562,143.9250030517578,,13447.0
2022-11-03 12:15:00-04:00,143.86000061035156,144.36000061035156,143.75,144.22999572753906,,30652.0
2022-11-03 12:16:00-04:00,144.2100067138672,144.47999572753906,144.08999633789062,144.30999755859375,,18913.0
2022-11-03 12:17:00-04:00,144.1999969482422,144.66000366210938,144.1999969482422,144.66000366210938,,9292.0
2022-11-03 12:18:00-04:00,144.6999969482422,144.8800048828125,144.5200958251953,144.69920349121094,,9149.0
2022-11-03 12:19:00-04:00,144.69000244140625,144.85499572753906,144.60000610351562,144.63999938964844,,7368.0
2022-11-03 12:20:00-04:00,144.6999969482422,144.8000030517578,144.5,144.77000427246094,,12633.0
2022-11-03 12:21:00-04:00,144.9185028076172,144.94000244140625,144.7100067138672,144.82000732421875,,3813.0
2022-11-03 12:22:00-04:00,144.94000244140625,145.0,144.6540069580078,144.72000122070312,,6199.0
2022-11-03 12:23:00-04:00,144.72000122070312,144.94000244140625,144.39999389648438,144.8350067138672,,14858.0
2022-11-03 12:24:00-04:00,144.83729553222656,144.89999389648438,144.7100067138672,144.7100067138672,,7774.0
2022-11-03 12:25:00-04:00,144.72999572753906,144.81719970703125,144.34010314941406,144.5222930908203,,11451.0
2022-11-03 12:26:00-04:00,144.75,144.9149932861328,144.49000549316406,144.82000732421875,,20729.0
2022-11-03 12:27:00-04:00,144.77999877929688,145.3000030517578,144.63999938964844,145.10000610351562,,17463.0
2022-11-03 12:28:00-04:00,145.02999877929688,145.1551055908203,144.80999755859375,145.0,,11673.0
2022-11-03 12:29:00-04:00,144.9199981689453,145.3800048828125,144.86000061035156,145.22500610351562,,15944.0
2022-11-03 12:30:00-04:00,145.21499633789062,145.3800048828125,145.0850067138672,145.3800048828125,,4322.0
2022-11-03 12:31:00-04:00,145.26499938964844,145.26499938964844,145.00999450683594,145.07940673828125,,8789.0
2022-11-03 12:32:00-04:00,145.00999450683594,145.07000732421875,144.7899932861328,145.07000732421875,,5239.0
2022-11-03 12:33:00-04:00,145.09500122070312,145.1999969482422,144.97999572753906,145.10000610351562,,12460.0
2022-11-03 12:34:00-04:00,145.13999938964844,145.1699981689453,145.13999938964844,145.1699981689453,,2719.0
2022-11-03 12:35:00-04:00,144.82000732421875,144.82000732421875,144.4199981689453,144.49000549316406,,23141.0
2022-11-03 12:36:00-04:00,144.48500061035156,144.72000122070312,144.39999389648438,144.50999450683594,,6912.0
2022-11-03 12:37:00-04:00,144.52000427246094,144.55999755859375,144.32000732421875,144.3300018310547,,13082.0
2022-11-03 12:38:00-04:00,144.28640747070312,144.33999633789062,144.2200927734375,144.33999633789062,,4743.0
2022-11-03 12:39:00-04:00,144.36000061035156,144.36000061035156,143.82000732421875,144.02000427246094,,25627.0
2022-11-03 12:40:00-04:00,144.02000427246094,144.17999267578125,144.02000427246094,144.06289672851562,,3080.0
2022-11-03 12:41:00-04:00,144.1199951171875,144.22000122070312,144.05999755859375,144.14999389648438,,10890.0
2022-11-03 12:42:00-04:00,144.11500549316406,144.4499969482422,144.0500946044922,144.44000244140625,,7916.0
2022-11-03 12:43:00-04:00,144.47189331054688,144.8988037109375,144.47189331054688,144.8300018310547,,6741.0
2022-11-03 12:44:00-04:00,144.88560485839844,145.39999389648438,144.8699951171875,145.39999389648438,,7043.0
2022-11-03 12:45:00-04:00,145.3300018310547,145.33999633789062,145.1300048828125,145.3199005126953,,8917.0
2022-11-03 12:47:00-04:00,145.32000732421875,145.40989685058594,145.13999938964844,145.2274932861328,,7736.0
2022-11-03 12:48:00-04:00,145.1999969482422,145.57000732421875,145.1999969482422,145.47500610351562,,7912.0
2022-11-03 12:49:00-04:00,145.44000244140625,145.5699005126953,145.4199981689453,145.5399932861328,,3157.0
2022-11-03 12:50:00-04:00,145.5500030517578,145.8000030517578,145.5500030517578,145.8000030517578,,5710.0
2022-11-03 12:51:00-04:00,145.77999877929688,145.94000244140625,145.67999267578125,145.88999938964844,,7228.0
2022-11-03 12:52:00-04:00,145.89999389648438,146.07139587402344,145.8800048828125,146.00999450683594,,6814.0
2022-11-03 12:53:00-04:00,145.94000244140625,145.94000244140625,145.80499267578125,145.88999938964844,,3201.0
2022-11-03 12:54:00-04:00,145.77999877929688,145.89999389648438,145.64999389648438,145.75999450683594,,12827.0
2022-11-03 12:55:00-04:00,145.69000244140625,145.8000030517578,145.6199951171875,145.78500366210938,,2557.0
2022-11-03 12:56:00-04:00,145.85000610351562,145.89999389648438,145.75,145.82000732421875,,2890.0
2022-11-03 12:57:00-04:00,145.75,145.85000610351562,145.68499755859375,145.75,,4618.0
2022-11-03 12:58:00-04:00,145.71499633789062,145.8699951171875,145.64999389648438,145.7899932861328,,9351.0
2022-11-03 12:59:00-04:00,145.7899932861328,145.9499969482422,145.7100067138672,145.77000427246094,,15305.0
2022-11-03 13:00:00-04:00,145.77999877929688,145.96749877929688,145.6566925048828,145.96749877929688,,5060.0
2022-11-03 13:01:00-04:00,145.9499969482422,146.27999877929688,145.7899932861328,146.15499877929688,,18504.0
2022-11-03 13:02:00-04:00,146.0500030517578,146.05999755859375,145.57090759277344,145.78480529785156,,5358.0
2022-11-03 13:03:00-04:00,145.77999877929688,145.77999877929688,145.57000732421875,145.57000732421875,,1784.0
2022-11-03 13:04:00-04:00,145.67999267578125,145.77000427246094,145.45199584960938,145.58999633789062,,4079.0
2022-11-03 13:05:00-04:00,145.5050048828125,145.63499450683594,145.5,145.6199951171875,,4810.0
2022-11-03 13:06:00-04:00,145.61000061035156,145.77999877929688,145.57000732421875,145.67210388183594,,7308.0
2022-11-03 13:07:00-04:00,145.68499755859375,145.68499755859375,145.22999572753906,145.4375,,7734.0
2022-11-03 13:08:00-04:00,145.5,145.99989318847656,145.5,145.99989318847656,,22326.0
2022-11-03 13:09:00-04:00,145.84500122070312,145.89500427246094,145.7823028564453,145.7823028564453,,2905.0
2022-11-03 13:10:00-04:00,145.7899932861328,145.9499969482422,145.6199951171875,145.6199951171875,,15663.0
2022-11-03 13:11:00-04:00,145.67999267578125,145.67999267578125,145.47500610351562,145.53500366210938,,6126.0
2022-11-03 13:12:00-04:00,145.5800018310547,145.5800018310547,145.5800018310547,145.5800018310547,,4602.0
2022-11-03 13:13:00-04:00,145.59890747070312,145.64999389648438,145.5,145.64999389648438,,6618.0
2022-11-03 13:14:00-04:00,145.65499877929688,145.75,145.5012969970703,145.75,,7196.0
2022-11-03 13:15:00-04:00,145.75999450683594,146.0,145.52999877929688,145.89500427246094,,5113.0
2022-11-03 13:16:00-04:00,146.0,146.0399932861328,145.74000549316406,145.8300018310547,,4602.0
2022-11-03 13:17:00-04:00,145.74530029296875,145.8699951171875,145.6300048828125,145.82000732421875,,7019.0
2022-11-03 13:18:00-04:00,145.6800994873047,145.72999572753906,145.5500030517578,145.67999267578125,,3884.0
2022-11-03 13:19:00-04:00,145.66000366210938,145.66000366210938,145.5,145.5,,976.0
2022-11-03 13:20:00-04:00,145.55999755859375,145.55999755859375,145.3699951171875,145.3699951171875,,2378.0
2022-11-03 13:21:00-04:00,145.35499572753906,145.35499572753906,144.89999389648438,144.89999389648438,,8062.0
2022-11-03 13:22:00-04:00,144.88999938964844,145.0399932861328,144.75,144.914306640625,,8353.0
2022-11-03 13:23:00-04:00,144.9199981689453,145.3000030517578,144.91000366210938,145.19000244140625,,6003.0
2022-11-03 13:24:00-04:00,145.15249633789062,145.19000244140625,145.01829528808594,145.19000244140625,,1941.0
2022-11-03 13:25:00-04:00,145.2449951171875,145.33059692382812,145.2449951171875,145.32000732421875,,1238.0
2022-11-03 13:26:00-04:00,145.21060180664062,145.39500427246094,145.21060180664062,145.39500427246094,,1705.0
2022-11-03 13:27:00-04:00,145.38999938964844,145.40499877929688,145.1999969482422,145.27000427246094,,4418.0
2022-11-03 13:28:00-04:00,145.3699951171875,145.40499877929688,145.32000732421875,145.3300018310547,,4767.0
2022-11-03 13:29:00-04:00,145.2899932861328,145.44000244140625,145.2899932861328,145.4199981689453,,3079.0
2022-11-03 13:30:00-04:00,145.5,145.60000610351562,145.5,145.60000610351562,,2383.0
2022-11-03 13:31:00-04:00,145.50999450683594,145.75,145.47999572753906,145.47999572753906,,4477.0
2022-11-03 13:32:00-04:00,145.60000610351562,145.67999267578125,145.52000427246094,145.67999267578125,,2243.0
2022-11-03 13:33:00-04:00,145.58200073242188,145.63999938964844,145.25999450683594,145.38999938964844,,5194.0
2022-11-03 13:34:00-04:00,145.39999389648438,145.4250030517578,145.3800048828125,145.4199981689453,,1546.0
2022-11-03 13:35:00-04:00,145.3300018310547,145.38999938964844,145.29739379882812,145.29739379882812,,1529.0
2022-11-03 13:36:00-04:00,145.25,145.25,145.0,145.09410095214844,,7246.0
2022-11-03 13:37:00-04:00,145.0500030517578,145.16000366210938,144.94000244140625,144.94000244140625,,6758.0
2022-11-03 13:38:00-04:00,145.0,145.3000030517578,144.9600067138672,145.25,,5621.0
2022-11-03 13:39:00-04:00,145.1508026123047,145.1508026123047,145.1508026123047,145.1508026123047,,989.0
2022-11-03 13:40:00-04:00,145.16000366210938,145.33999633789062,145.1300048828125,145.30999755859375,,4333.0
2022-11-03 13:41:00-04:00,145.3000030517578,145.30999755859375,145.3000030517578,145.30999755859375,,901.0
2022-11-03 13:42:00-04:00,145.27999877929688,145.4550018310547,145.27000427246094,145.44500732421875,,2681.0
2022-11-03 13:43:00-04:00,145.3800048828125,145.44500732421875,145.33999633789062,145.3699951171875,,3787.0
2022-11-03 13:44:00-04:00,145.4058074951172,145.41000366210938,145.17999267578125,145.17999267578125,,3216.0
2022-11-03 13:45:00-04:00,145.33999633789062,145.33999633789062,145.33999633789062,145.33999633789062,,5973.0
2022-11-03 13:46:00-04:00,145.30999755859375,145.5,145.30999755859375,145.5,,1455.0
2022-11-03 13:47:00-04:00,145.5399932861328,145.55999755859375,145.5,145.5399932861328,,2624.0
2022-11-03 13:48:00-04:00,145.61000061035156,145.61000061035156,145.4600067138672,145.5500030517578,,2447.0
2022-11-03 13:49:00-04:00,145.49000549316406,145.61990356445312,145.49000549316406,145.61990356445312,,4168.0
2022-11-03 13:50:00-04:00,145.61000061035156,145.6199951171875,145.50999450683594,145.60000610351562,,2852.0
2022-11-03 13:51:00-04:00,145.6300048828125,145.7949981689453,145.50509643554688,145.7949981689453,,12159.0
2022-11-03 13:52:00-04:00,145.7899932861328,145.83999633789062,145.66000366210938,145.73500061035156,,5142.0
2022-11-03 13:53:00-04:00,145.8000030517578,146.0,145.8000030517578,146.0,,4361.0
2022-11-03 13:54:00-04:00,145.97000122070312,146.0,145.94000244140625,145.94000244140625,,2758.0
2022-11-03 13:55:00-04:00,145.9199981689453,146.0,145.91000366210938,145.9145050048828,,5862.0
2022-11-03 13:56:00-04:00,145.92999267578125,145.92999267578125,145.8000030517578,145.8300018310547,,11950.0
2022-11-03 13:57:00-04:00,145.8000030517578,145.91000366210938,145.8000030517578,145.8636016845703,,2721.0
2022-11-03 13:58:00-04:00,145.9499969482422,145.99850463867188,145.91000366210938,145.9199981689453,,5524.0
2022-11-03 13:59:00-04:00,145.8699951171875,145.91000366210938,145.7899932861328,145.79100036621094,,2800.0
2022-11-03 14:00:00-04:00,145.8699951171875,145.99000549316406,145.7899932861328,145.8699951171875,,7156.0
2022-11-03 14:01:00-04:00,145.90499877929688,145.90499877929688,145.77000427246094,145.80140686035156,,2825.0
2022-11-03 14:02:00-04:00,145.80999755859375,146.6699981689453,145.79400634765625,146.5800018310547,,29454.0
2022-11-03 14:03:00-04:00,146.53500366210938,146.72000122070312,146.53500366210938,146.72000122070312,,24563.0
2022-11-03 14:04:00-04:00,146.66000366210938,146.7100067138672,146.50999450683594,146.61000061035156,,7862.0
2022-11-03 14:05:00-04:00,146.74000549316406,146.7899932861328,146.6613006591797,146.72000122070312,,5741.0
2022-11-03 14:06:00-04:00,146.72000122070312,146.8000030517578,146.65699768066406,146.7144012451172,,5803.0
2022-11-03 14:07:00-04:00,146.71499633789062,146.9499969482422,146.65069580078125,146.83999633789062,,21078.0
2022-11-03 14:08:00-04:00,146.97000122070312,147.22999572753906,146.8800048828125,147.08999633789062,,29475.0
2022-11-03 14:09:00-04:00,147.16000366210938,147.3179931640625,147.0850067138672,147.3179931640625,,9113.0
2022-11-03 14:10:00-04:00,147.33999633789062,147.35000610351562,147.27000427246094,147.27000427246094,,2867.0
2022-11-03 14:11:00-04:00,147.3300018310547,147.3699951171875,147.25,147.3000030517578,,9388.0
2022-11-03 14:12:00-04:00,147.25999450683594,147.47999572753906,147.25999450683594,147.3300018310547,,6587.0
2022-11-03 14:13:00-04:00,147.27499389648438,147.42999267578125,147.25,147.42999267578125,,7438.0
2022-11-03 14:14:00-04:00,147.52999877929688,147.6699981689453,147.52999877929688,147.6699981689453,,4014.0
2022-11-03 14:15:00-04:00,147.8459930419922,147.85000610351562,147.64999389648438,147.73500061035156,,6224.0
2022-11-03 14:16:00-04:00,147.72999572753906,147.72999572753906,147.4499969482422,147.47999572753906,,10848.0
2022-11-03 14:17:00-04:00,147.48500061035156,147.61000061035156,147.4774932861328,147.47999572753906,,3447.0
2022-11-03 14:18:00-04:00,147.4199981689453,147.5699005126953,147.41000366210938,147.49000549316406,,8502.0
2022-11-03 14:19:00-04:00,147.5500030517578,147.69000244140625,147.5500030517578,147.6199951171875,,8684.0
2022-11-03 14:20:00-04:00,147.6750030517578,148.25,147.6750030517578,148.0800018310547,,11635.0
2022-11-03 14:21:00-04:00,148.1999969482422,148.25,148.10009765625,148.1649932861328,,6106.0
2022-11-03 14:22:00-04:00,148.1649932861328,148.42529296875,148.1199951171875,148.38999938964844,,8168.0
2022-11-03 14:23:00-04:00,148.35499572753906,148.5,148.25999450683594,148.47000122070312,,15900.0
2022-11-03 14:24:00-04:00,148.4250030517578,148.5,148.35000610351562,148.49000549316406,,8527.0
2022-11-03 14:25:00-04:00,148.51499938964844,148.7100067138672,148.50999450683594,148.7052001953125,,11362.0
2022-11-03 14:26:00-04:00,148.6300048828125,148.7227020263672,148.6300048828125,148.7227020263672,,2337.0
2022-11-03 14:27:00-04:00,148.7100067138672,148.7100067138672,148.7100067138672,148.7100067138672,,20578.0
2022-11-03 14:28:00-04:00,148.7100067138672,148.75990295410156,148.6199951171875,148.71929931640625,,6949.0
2022-11-03 14:29:00-04:00,148.89999389648438,148.91000366210938,148.8592071533203,148.91000366210938,,10321.0
2022-11-03 14:30:00-04:00,148.85000610351562,148.9199981689453,148.83999633789062,148.9199981689453,,33180.0
2022-11-03 14:31:00-04:00,148.93499755859375,148.97000122070312,148.75,148.89999389648438,,8235.0
2022-11-03 14:32:00-04:00,148.88999938964844,149.3699951171875,148.86000061035156,149.27999877929688,,11933.0
2022-11-03 14:33:00-04:00,149.27999877929688,149.32040405273438,149.11000061035156,149.1649932861328,,5084.0
2022-11-03 14:34:00-04:00,149.1199951171875,149.1649932861328,149.02000427246094,149.097900390625,,6346.0
2022-11-03 14:35:00-04:00,149.02000427246094,149.0500030517578,148.9600067138672,148.97500610351562,,6130.0
2022-11-03 14:36:00-04:00,148.9600067138672,148.9600067138672,148.4199981689453,148.4199981689453,,17530.0
2022-11-03 14:37:00-04:00,148.3699951171875,148.38999938964844,148.21499633789062,148.38999938964844,,9902.0
2022-11-03 14:38:00-04:00,148.35000610351562,148.49000549316406,148.3000030517578,148.35000610351562,,9275.0
2022-11-03 14:39:00-04:00,148.33999633789062,148.7100067138672,148.33999633789062,148.5800018310547,,5510.0
2022-11-03 14:40:00-04:00,148.5500030517578,148.77999877929688,148.43910217285156,148.64999389648438,,15370.0
2022-11-03 14:41:00-04:00,148.625,148.6300048828125,148.47999572753906,148.5800018310547,,4275.0
2022-11-03 14:42:00-04:00,148.60000610351562,148.60000610351562,148.46499633789062,148.5050048828125,,3996.0
2022-11-03 14:43:00-04:00,148.4949951171875,148.52999877929688,148.35000610351562,148.39999389648438,,14326.0
2022-11-03 14:44:00-04:00,148.4250030517578,148.52499389648438,148.3000030517578,148.47999572753906,,13246.0
2022-11-03 14:45:00-04:00,148.52999877929688,148.70260620117188,148.47999572753906,148.66000366210938,,7662.0
2022-11-03 14:46:00-04:00,148.6649932861328,148.9499969482422,148.6649932861328,148.83999633789062,,10247.0
2022-11-03 14:47:00-04:00,148.84500122070312,148.99000549316406,148.83999633789062,148.9149932861328,,12346.0
2022-11-03 14:48:00-04:00,148.9149932861328,148.97959899902344,148.86000061035156,148.9600067138672,,9963.0
2022-11-03 14:49:00-04:00,148.99000549316406,149.0800018310547,148.94000244140625,149.03500366210938,,16172.0
2022-11-03 14:50:00-04:00,149.07000732421875,149.08999633789062,148.89999389648438,148.9600067138672,,13908.0
2022-11-03 14:51:00-04:00,148.9199981689453,149.01499938964844,148.9199981689453,149.01499938964844,,3366.0
2022-11-03 14:52:00-04:00,149.0399932861328,149.05999755859375,149.0,149.0399932861328,,4898.0
2022-11-03 14:53:00-04:00,149.10000610351562,149.10000610351562,149.0500030517578,149.07000732421875,,9753.0
2022-11-03 14:54:00-04:00,149.0605926513672,149.11000061035156,148.88999938964844,148.92999267578125,,8276.0
2022-11-03 14:55:00-04:00,148.89999389648438,148.89999389648438,148.52999877929688,148.52999877929688,,17853.0
2022-11-03 14:56:00-04:00,148.52000427246094,148.6699981689453,148.44009399414062,148.5800018310547,,15289.0
2022-11-03 14:57:00-04:00,148.5800018310547,148.92999267578125,148.52000427246094,148.92999267578125,,18421.0
2022-11-03 14:58:00-04:00,148.88009643554688,149.02999877929688,148.8800048828125,148.97000122070312,,17138.0
2022-11-03 14:59:00-04:00,148.97000122070312,149.0800018310547,148.8800048828125,149.0399932861328,,7875.0
2022-11-03 15:00:00-04:00,149.02499389648438,149.05999755859375,148.8800048828125,148.9499969482422,,34561.0
2022-11-03 15:01:00-04:00,148.92999267578125,148.92999267578125,148.60000610351562,148.77999877929688,,12043.0
2022-11-03 15:02:00-04:00,148.67999267578125,148.73500061035156,148.59469604492188,148.59469604492188,,4966.0
2022-11-03 15:03:00-04:00,148.5800018310547,148.5800018310547,148.24000549316406,148.5,,11356.0
2022-11-03 15:04:00-04:00,148.47999572753906,148.47999572753906,148.27999877929688,148.36000061035156,,6674.0
2022-11-03 15:05:00-04:00,148.30999755859375,148.39999389648438,148.22999572753906,148.27000427246094,,8749.0
2022-11-03 15:06:00-04:00,148.22000122070312,148.23609924316406,147.89999389648438,147.98500061035156,,18091.0
2022-11-03 15:07:00-04:00,147.9499969482422,148.10000610351562,147.82000732421875,147.83999633789062,,10930.0
2022-11-03 15:08:00-04:00,147.88999938964844,147.93910217285156,147.82000732421875,147.85000610351562,,25870.0
2022-11-03 15:09:00-04:00,147.9499969482422,148.0,147.6300048828125,147.7899932861328,,17474.0
2022-11-03 15:10:00-04:00,147.7899932861328,148.0771026611328,147.7550048828125,148.02999877929688,,25551.0
2022-11-03 15:11:00-04:00,147.9949951171875,148.25,147.9499969482422,148.1750030517578,,15805.0
2022-11-03 15:12:00-04:00,148.11000061035156,148.24000549316406,148.11000061035156,148.19500732421875,,4260.0
2022-11-03 15:13:00-04:00,148.10000610351562,148.1300048828125,147.6999969482422,147.7550048828125,,10032.0
2022-11-03 15:14:00-04:00,147.7550048828125,147.9199981689453,147.7550048828125,147.77000427246094,,4934.0
2022-11-03 15:15:00-04:00,147.77000427246094,147.8699951171875,147.77000427246094,147.8300018310547,,5600.0
2022-11-03 15:16:00-04:00,147.80999755859375,147.86000061035156,147.6999969482422,147.6999969482422,,4819.0
2022-11-03 15:17:00-04:00,147.6999969482422,147.8699951171875,147.63499450683594,147.64500427246094,,19155.0
2022-11-03 15:18:00-04:00,147.58999633789062,147.6999969482422,147.35000610351562,147.4199981689453,,10909.0
2022-11-03 15:19:00-04:00,147.38499450683594,147.50999450683594,147.3000030517578,147.49000549316406,,7070.0
2022-11-03 15:20:00-04:00,147.50999450683594,147.70989990234375,147.50999450683594,147.5800018310547,,8482.0
2022-11-03 15:21:00-04:00,147.6042022705078,147.82000732421875,147.5399932861328,147.7032012939453,,9840.0
2022-11-03 15:22:00-04:00,147.61900329589844,147.8699951171875,147.50999450683594,147.75,,6495.0
2022-11-03 15:23:00-04:00,147.83999633789062,147.83999633789062,147.72000122070312,147.74000549316406,,5205.0
2022-11-03 15:24:00-04:00,147.76499938964844,147.80999755859375,147.7209930419922,147.7899932861328,,2837.0
2022-11-03 15:25:00-04:00,147.8350067138672,148.0,147.80999755859375,147.90499877929688,,16445.0
2022-11-03 15:26:00-04:00,147.83999633789062,147.89500427246094,147.6199951171875,147.67999267578125,,9446.0
2022-11-03 15:27:00-04:00,147.69000244140625,147.69000244140625,147.69000244140625,147.69000244140625,,300.0
2022-11-03 15:28:00-04:00,147.7949981689453,147.8800048828125,147.6199951171875,147.6199951171875,,21292.0
2022-11-03 15:29:00-04:00,147.6199951171875,147.6999969482422,147.50999450683594,147.69000244140625,,7545.0
2022-11-03 15:30:00-04:00,147.7550048828125,148.0399932861328,147.7550048828125,147.85499572753906,,9293.0
2022-11-03 15:31:00-04:00,147.7100067138672,147.81500244140625,147.6999969482422,147.6999969482422,,6106.0
2022-11-03 15:32:00-04:00,147.83999633789062,147.8699951171875,147.8300018310547,147.8699951171875,,8012.0
2022-11-03 15:33:00-04:00,147.9199981689453,147.9199981689453,147.91000366210938,147.91000366210938,,11890.0
2022-11-03 15:34:00-04:00,147.91000366210938,147.97999572753906,147.87010192871094,147.94000244140625,,7577.0
2022-11-03 15:35:00-04:00,147.89999389648438,148.07000732421875,147.80999755859375,147.84100341796875,,12977.0
2022-11-03 15:36:00-04:00,147.875,147.8800048828125,147.55999755859375,147.57000732421875,,18934.0
2022-11-03 15:37:00-04:00,147.59500122070312,148.10000610351562,147.59500122070312,147.97999572753906,,11232.0
2022-11-03 15:38:00-04:00,147.97999572753906,148.0500030517578,147.86000061035156,147.88499450683594,,9802.0
2022-11-03 15:39:00-04:00,147.94000244140625,147.97000122070312,147.88999938964844,147.89999389648438,,7737.0
2022-11-03 15:40:00-04:00,147.89999389648438,147.99000549316406,147.85679626464844,147.86309814453125,,8838.0
2022-11-03 15:41:00-04:00,147.9199981689453,148.0800018310547,147.88999938964844,148.0800018310547,,8522.0
2022-11-03 15:42:00-04:00,148.11000061035156,148.22000122070312,148.05999755859375,148.05999755859375,,9661.0
2022-11-03 15:43:00-04:00,148.0500030517578,148.05499267578125,147.8800048828125,147.9199981689453,,12748.0
2022-11-03 15:44:00-04:00,147.89999389648438,147.92999267578125,147.7801055908203,147.83999633789062,,14210.0
2022-11-03 15:45:00-04:00,147.77999877929688,147.83999633789062,147.72000122070312,147.8300018310547,,7951.0
2022-11-03 15:46:00-04:00,147.57000732421875,147.57000732421875,147.3000030517578,147.30999755859375,,28671.0
2022-11-03 15:47:00-04:00,147.36000061035156,147.50999450683594,147.35000610351562,147.44000244140625,,19939.0
2022-11-03 15:48:00-04:00,147.4600067138672,147.83999633789062,147.4550018310547,147.49000549316406,,19871.0
2022-11-03 15:49:00-04:00,147.4600067138672,147.68499755859375,147.4499969482422,147.60699462890625,,13331.0
2022-11-03 15:50:00-04:00,147.63999938964844,147.72000122070312,147.47000122070312,147.60499572753906,,16028.0
2022-11-03 15:51:00-04:00,147.5800018310547,147.72000122070312,147.55499267578125,147.7100067138672,,13697.0
2022-11-03 15:52:00-04:00,147.72999572753906,148.07000732421875,147.7100067138672,147.94000244140625,,30589.0
2022-11-03 15:53:00-04:00,147.93499755859375,148.08999633789062,147.9199981689453,148.0500030517578,,26662.0
2022-11-03 15:54:00-04:00,148.03500366210938,148.25,148.02000427246094,148.18359375,,25971.0
2022-11-03 15:55:00-04:00,148.1699981689453,148.17999267578125,147.8800048828125,148.0399932861328,,46078.0
2022-11-03 15:56:00-04:00,148.03500366210938,148.0800018310547,147.9095001220703,147.96499633789062,,43866.0
2022-11-03 15:57:00-04:00,148.0,148.0399932861328,147.8000030517578,147.8300018310547,,45628.0
2022-11-03 15:58:00-04:00,147.8000030517578,147.80999755859375,147.5399932861328,147.6300048828125,,60052.0
2022-11-03 15:59:00-04:00,147.60000610351562,147.88999938964844,147.49000549316406,147.5,,108004.0
2022-11-04 09:30:00-04:00,149.6199951171875,149.91000366210938,145.38150024414062,146.0399932861328,,302487.0
2022-11-04 09:31:00-04:00,146.03500366210938,146.74000549316406,145.9600067138672,146.22000122070312,,45028.0
2022-11-04 09:33:00-04:00,146.22000122070312,146.22000122070312,145.22999572753906,145.22999572753906,,114518.0
2022-11-04 09:34:00-04:00,145.50999450683594,145.52999877929688,144.64999389648438,144.875,,39719.0
2022-11-04 09:35:00-04:00,144.94000244140625,146.74000549316406,144.72900390625,145.64999389648438,,39764.0
2022-11-04 09:36:00-04:00,145.6949005126953,146.10000610351562,145.2899932861328,145.77000427246094,,35873.0
2022-11-04 09:37:00-04:00,145.75999450683594,146.0,144.6999969482422,145.1999969482422,,29345.0
2022-11-04 09:38:00-04:00,145.2550048828125,145.92999267578125,145.0,145.60760498046875,,29175.0
2022-11-04 09:39:00-04:00,145.5800018310547,145.99000549316406,145.30999755859375,145.36000061035156,,19840.0
2022-11-04 09:40:00-04:00,145.34500122070312,145.34500122070312,144.3300018310547,144.69000244140625,,33884.0
2022-11-04 09:41:00-04:00,144.8000030517578,144.9698944091797,144.02000427246094,144.4550018310547,,76147.0
2022-11-04 09:42:00-04:00,144.3300018310547,144.85000610351562,144.02000427246094,144.52000427246094,,28505.0
2022-11-04 09:43:00-04:00,144.43499755859375,144.85000610351562,143.77999877929688,143.78500366210938,,34288.0
2022-11-04 09:44:00-04:00,143.77999877929688,144.1699981689453,143.64500427246094,144.10499572753906,,43083.0
2022-11-04 09:45:00-04:00,144.10499572753906,145.35000610351562,144.05999755859375,145.30499267578125,,33732.0
2022-11-04 09:46:00-04:00,145.32000732421875,146.00999450683594,145.2899932861328,145.70669555664062,,37034.0
2022-11-04 09:47:00-04:00,145.52000427246094,146.56069946289062,145.44000244140625,146.1300048828125,,22747.0
2022-11-04 09:48:00-04:00,146.27000427246094,146.7449951171875,146.11000061035156,146.60000610351562,,30625.0
2022-11-04 09:49:00-04:00,146.4600067138672,146.77000427246094,146.3699951171875,146.3800048828125,,19042.0
2022-11-04 09:50:00-04:00,146.33999633789062,147.5800018310547,146.33999633789062,147.19000244140625,,28520.0
2022-11-04 09:51:00-04:00,147.1300048828125,147.78500366210938,146.7550048828125,147.64500427246094,,28058.0
2022-11-04 09:52:00-04:00,147.50999450683594,148.1999969482422,147.5,147.97999572753906,,20021.0
2022-11-04 09:53:00-04:00,147.82000732421875,148.27000427246094,147.55999755859375,148.18499755859375,,17680.0
2022-11-04 09:54:00-04:00,148.08999633789062,148.1898956298828,147.75,147.9915008544922,,16378.0
2022-11-04 09:55:00-04:00,147.90499877929688,149.17999267578125,147.90499877929688,149.17999267578125,,32965.0
2022-11-04 09:56:00-04:00,149.1757049560547,149.97000122070312,148.9499969482422,149.97000122070312,,44081.0
2022-11-04 09:57:00-04:00,149.85000610351562,150.14979553222656,149.72999572753906,149.77999877929688,,69959.0
2022-11-04 09:58:00-04:00,149.89500427246094,150.08999633789062,149.6300048828125,150.08999633789062,,13260.0
2022-11-04 09:59:00-04:00,150.08999633789062,150.44000244140625,149.9949951171875,150.14999389648438,,30369.0
2022-11-04 10:00:00-04:00,150.27000427246094,150.3800048828125,149.85000610351562,150.1199951171875,,22268.0
2022-11-04 10:01:00-04:00,150.15499877929688,150.23500061035156,149.9250030517578,150.00999450683594,,12184.0
2022-11-04 10:02:00-04:00,149.65499877929688,150.7698974609375,149.52999877929688,150.7698974609375,,46399.0
2022-11-04 10:03:00-04:00,150.5299072265625,151.39999389648438,150.5299072265625,150.5301055908203,,39308.0
2022-11-04 10:04:00-04:00,150.75999450683594,150.99000549316406,150.6300048828125,150.875,,24113.0
2022-11-04 10:05:00-04:00,150.8300018310547,151.44000244140625,150.62010192871094,151.30999755859375,,33166.0
2022-11-04 10:06:00-04:00,151.41000366210938,151.7899932861328,151.25,151.32000732421875,,35563.0
2022-11-04 10:07:00-04:00,151.4499969482422,151.63999938964844,151.0,151.45440673828125,,38310.0
2022-11-04 10:08:00-04:00,151.52999877929688,151.6300048828125,151.24000549316406,151.4600067138672,,41974.0
2022-11-04 10:09:00-04:00,151.47999572753906,152.14999389648438,151.44500732421875,152.0800018310547,,45687.0
2022-11-04 10:10:00-04:00,152.16000366210938,152.69000244140625,152.08009338378906,152.36000061035156,,31495.0
2022-11-04 10:11:00-04:00,152.36000061035156,153.00999450683594,152.0,152.94000244140625,,57939.0
2022-11-04 10:12:00-04:00,153.00999450683594,153.1999969482422,152.8300018310547,152.9199981689453,,35121.0
2022-11-04 10:13:00-04:00,152.82000732421875,152.88999938964844,152.35000610351562,152.55999755859375,,32822.0
2022-11-04 10:14:00-04:00,152.6199951171875,153.1999969482422,152.6199951171875,153.00999450683594,,20884.0
2022-11-04 10:15:00-04:00,153.07679748535156,153.4250030517578,153.0050048828125,153.25,,26988.0
2022-11-04 10:16:00-04:00,153.17999267578125,153.63999938964844,153.08999633789062,153.30499267578125,,25252.0
2022-11-04 10:17:00-04:00,153.4199981689453,153.85000610351562,153.19000244140625,153.4199981689453,,20484.0
2022-11-04 10:18:00-04:00,153.3699951171875,153.60000610351562,152.82000732421875,153.0050048828125,,35285.0
2022-11-04 10:19:00-04:00,153.08999633789062,153.42750549316406,153.05999755859375,153.13499450683594,,16411.0
2022-11-04 10:20:00-04:00,153.1999969482422,153.7100067138672,153.1999969482422,153.39500427246094,,16889.0
2022-11-04 10:21:00-04:00,153.40150451660156,153.8699951171875,153.2928009033203,153.49000549316406,,19841.0
2022-11-04 10:22:00-04:00,153.49000549316406,153.7100067138672,153.38099670410156,153.60000610351562,,18415.0
2022-11-04 10:23:00-04:00,153.6750030517578,154.10000610351562,153.4300994873047,153.9866943359375,,31909.0
2022-11-04 10:24:00-04:00,154.04730224609375,154.07000732421875,153.37060546875,153.47999572753906,,17669.0
2022-11-04 10:25:00-04:00,153.39999389648438,153.6199951171875,153.0601043701172,153.1699981689453,,15043.0
2022-11-04 10:26:00-04:00,153.08999633789062,153.2899932861328,153.0,153.21499633789062,,17257.0
2022-11-04 10:27:00-04:00,153.1300048828125,153.27000427246094,152.6699981689453,152.7899932861328,,17671.0
2022-11-04 10:28:00-04:00,152.7100067138672,153.3000030517578,152.6999969482422,153.24000549316406,,19505.0
2022-11-04 10:29:00-04:00,153.33999633789062,153.4398956298828,152.9499969482422,153.24000549316406,,17146.0
2022-11-04 10:30:00-04:00,153.0,153.0,153.0,153.0,,24247.0
2022-11-04 10:31:00-04:00,153.08999633789062,153.30990600585938,153.02999877929688,153.13499450683594,,15377.0
2022-11-04 10:32:00-04:00,153.08999633789062,153.33999633789062,152.97999572753906,153.0399932861328,,12488.0
2022-11-04 10:33:00-04:00,152.94659423828125,152.94659423828125,152.4499969482422,152.5500030517578,,12638.0
2022-11-04 10:34:00-04:00,152.58999633789062,152.67999267578125,152.3350067138672,152.3350067138672,,7696.0
2022-11-04 10:35:00-04:00,152.3350067138672,152.3350067138672,152.10000610351562,152.27000427246094,,4733.0
2022-11-04 10:36:00-04:00,152.52000427246094,152.77000427246094,152.3800048828125,152.7100067138672,,29892.0
2022-11-04 10:37:00-04:00,152.7100067138672,152.97999572753906,152.64500427246094,152.80999755859375,,9722.0
2022-11-04 10:38:00-04:00,152.89999389648438,153.07000732421875,152.86349487304688,153.07000732421875,,4208.0
2022-11-04 10:39:00-04:00,153.09539794921875,153.09539794921875,152.6699981689453,152.6699981689453,,10459.0
2022-11-04 10:40:00-04:00,152.67999267578125,152.9499969482422,152.67999267578125,152.9499969482422,,5854.0
2022-11-04 10:41:00-04:00,153.92999267578125,154.0500030517578,153.82000732421875,153.94000244140625,,38494.0
2022-11-04 10:42:00-04:00,153.97999572753906,153.97999572753906,153.83999633789062,153.83999633789062,,2813.0
2022-11-04 10:43:00-04:00,153.3699951171875,153.4149932861328,153.3699951171875,153.41000366210938,,15045.0
2022-11-04 10:44:00-04:00,153.50999450683594,153.8179931640625,153.46009826660156,153.8179931640625,,6967.0
2022-11-04 10:45:00-04:00,153.81610107421875,154.0399932861328,153.69000244140625,153.77000427246094,,14149.0
2022-11-04 10:46:00-04:00,153.8350067138672,154.0,153.67010498046875,153.93499755859375,,9641.0
2022-11-04 10:47:00-04:00,153.8800048828125,154.17999267578125,153.8800048828125,154.14999389648438,,16227.0
2022-11-04 10:48:00-04:00,154.02999877929688,154.17999267578125,153.9499969482422,154.05999755859375,,8332.0
2022-11-04 10:49:00-04:00,154.10000610351562,154.1199951171875,153.74000549316406,153.8300018310547,,14061.0
2022-11-04 10:50:00-04:00,153.8300018310547,154.16000366210938,153.8300018310547,154.02000427246094,,11883.0
2022-11-04 10:51:00-04:00,154.16000366210938,154.25,154.00169372558594,154.05999755859375,,15647.0
2022-11-04 10:52:00-04:00,154.10000610351562,154.10000610351562,153.86000061035156,153.89999389648438,,10028.0
2022-11-04 10:53:00-04:00,153.96499633789062,154.02349853515625,153.38499450683594,153.5800018310547,,11216.0
2022-11-04 10:54:00-04:00,153.6300048828125,154.0749969482422,153.6300048828125,154.0749969482422,,9883.0
2022-11-04 10:55:00-04:00,154.02499389648438,154.35000610351562,153.97999572753906,154.2729949951172,,14080.0
2022-11-04 10:56:00-04:00,154.25999450683594,154.77999877929688,154.0,154.75,,41832.0
2022-11-04 10:57:00-04:00,154.75,154.75,154.32000732421875,154.4600067138672,,14732.0
2022-11-04 10:58:00-04:00,154.4600067138672,154.6300048828125,154.36000061035156,154.4375,,12771.0
2022-11-04 10:59:00-04:00,154.39999389648438,154.39999389648438,154.07000732421875,154.22000122070312,,11867.0
2022-11-04 11:00:00-04:00,154.2899932861328,154.77999877929688,154.21189880371094,154.77999877929688,,14481.0
2022-11-04 11:01:00-04:00,154.66000366210938,155.08999633789062,154.64999389648438,154.6699981689453,,57297.0
2022-11-04 11:02:00-04:00,154.72000122070312,154.72000122070312,154.5399932861328,154.58999633789062,,4977.0
2022-11-04 11:03:00-04:00,154.5399932861328,154.84579467773438,154.32000732421875,154.84579467773438,,11385.0
2022-11-04 11:04:00-04:00,154.6999969482422,154.86000061035156,154.610107421875,154.72500610351562,,15490.0
2022-11-04 11:05:00-04:00,154.75,154.83999633789062,154.33999633789062,154.5,,25661.0
2022-11-04 11:06:00-04:00,154.5,154.6699981689453,154.25,154.25,,15509.0
2022-11-04 11:07:00-04:00,154.3249969482422,154.6999969482422,154.13999938964844,154.2449951171875,,19101.0
2022-11-04 11:08:00-04:00,154.14010620117188,154.2449951171875,153.69000244140625,153.69000244140625,,21340.0
2022-11-04 11:09:00-04:00,153.69000244140625,154.02999877929688,153.60000610351562,154.0,,11150.0
2022-11-04 11:10:00-04:00,154.02999877929688,154.22000122070312,153.7584991455078,154.1699981689453,,42024.0
2022-11-04 11:11:00-04:00,154.10000610351562,154.4499969482422,154.10000610351562,154.17999267578125,,13503.0
2022-11-04 11:12:00-04:00,154.19000244140625,154.30499267578125,154.02000427246094,154.22999572753906,,6615.0
2022-11-04 11:13:00-04:00,154.52999877929688,154.5500030517578,154.30760192871094,154.3300018310547,,7572.0
2022-11-04 11:14:00-04:00,154.30999755859375,154.67999267578125,154.2899932861328,154.61000061035156,,11920.0
2022-11-04 11:15:00-04:00,154.5709991455078,154.77999877929688,154.5709991455078,154.75,,13490.0
2022-11-04 11:16:00-04:00,154.75999450683594,155.51499938964844,154.75999450683594,155.47259521484375,,37556.0
2022-11-04 11:17:00-04:00,155.46229553222656,155.74000549316406,155.35000610351562,155.56500244140625,,29115.0
2022-11-04 11:18:00-04:00,155.49009704589844,155.7100067138672,155.3800048828125,155.63999938964844,,22277.0
2022-11-04 11:19:00-04:00,155.5500946044922,155.8300018310547,155.27999877929688,155.38999938964844,,26985.0
2022-11-04 11:20:00-04:00,155.38999938964844,155.75,155.352294921875,155.72000122070312,,22994.0
2022-11-04 11:21:00-04:00,155.77999877929688,156.25999450683594,155.74009704589844,156.0800018310547,,45196.0
2022-11-04 11:22:00-04:00,156.05499267578125,156.39999389648438,155.97999572753906,156.27000427246094,,32508.0
2022-11-04 11:23:00-04:00,156.3699951171875,156.5,156.22000122070312,156.4597930908203,,24064.0
2022-11-04 11:24:00-04:00,156.38999938964844,156.67469787597656,156.38999938964844,156.59500122070312,,16842.0
2022-11-04 11:25:00-04:00,156.52000427246094,156.7698974609375,156.42999267578125,156.64999389648438,,20449.0
2022-11-04 11:26:00-04:00,156.69000244140625,156.8699951171875,156.52999877929688,156.52999877929688,,24855.0
2022-11-04 11:27:00-04:00,156.57000732421875,156.6699981689453,156.27000427246094,156.6699981689453,,32125.0
2022-11-04 11:28:00-04:00,156.6750030517578,156.6750030517578,156.27999877929688,156.36000061035156,,20773.0
2022-11-04 11:29:00-04:00,156.30760192871094,156.4199981689453,155.5500030517578,155.55999755859375,,30611.0
2022-11-04 11:30:00-04:00,155.69000244140625,155.8300018310547,155.5518035888672,155.6699981689453,,17907.0
2022-11-04 11:31:00-04:00,155.72000122070312,155.8300018310547,155.25,155.6300048828125,,34342.0
2022-11-04 11:32:00-04:00,155.63999938964844,155.69000244140625,155.2303009033203,155.27000427246094,,22340.0
2022-11-04 11:33:00-04:00,155.25,155.42999267578125,155.22999572753906,155.4199981689453,,5517.0
2022-11-04 11:34:00-04:00,155.4600067138672,155.54989624023438,155.33999633789062,155.33999633789062,,17377.0
2022-11-04 11:35:00-04:00,155.3300018310547,155.47999572753906,155.25999450683594,155.40750122070312,,13655.0
2022-11-04 11:36:00-04:00,155.40750122070312,155.5447998046875,155.24000549316406,155.36500549316406,,18798.0
2022-11-04 11:37:00-04:00,155.35000610351562,155.35000610351562,154.74000549316406,154.97999572753906,,19300.0
2022-11-04 11:38:00-04:00,155.08999633789062,155.24000549316406,154.9600067138672,155.1199951171875,,14931.0
2022-11-04 11:39:00-04:00,155.00999450683594,155.05999755859375,154.80999755859375,154.80999755859375,,12721.0
2022-11-04 11:40:00-04:00,154.86000061035156,154.97999572753906,154.50999450683594,154.67999267578125,,12367.0
2022-11-04 11:41:00-04:00,154.61000061035156,154.75,154.531005859375,154.531005859375,,9247.0
2022-11-04 11:42:00-04:00,154.5,154.61000061035156,154.1300048828125,154.17999267578125,,25412.0
2022-11-04 11:43:00-04:00,154.22999572753906,154.3699951171875,154.11000061035156,154.1699981689453,,7181.0
2022-11-04 11:44:00-04:00,154.1999969482422,154.1999969482422,153.77000427246094,153.86000061035156,,13062.0
2022-11-04 11:45:00-04:00,153.8800048828125,154.16000366210938,153.8699951171875,154.13999938964844,,28932.0
2022-11-04 11:46:00-04:00,154.0399932861328,154.2111053466797,153.99000549316406,154.2111053466797,,6142.0
2022-11-04 11:47:00-04:00,153.9257049560547,154.0500030517578,153.9257049560547,154.0,,10156.0
2022-11-04 11:48:00-04:00,154.11000061035156,154.38499450683594,154.11000061035156,154.27999877929688,,6723.0
2022-11-04 11:49:00-04:00,154.35459899902344,154.35459899902344,154.1999969482422,154.23289489746094,,5423.0
2022-11-04 11:50:00-04:00,154.22000122070312,154.3000030517578,154.0,154.0,,8530.0
2022-11-04 11:51:00-04:00,154.07000732421875,154.1199951171875,153.63999938964844,153.63999938964844,,16073.0
2022-11-04 11:52:00-04:00,153.57000732421875,153.80999755859375,153.52000427246094,153.75999450683594,,17426.0
2022-11-04 11:53:00-04:00,153.6300048828125,153.64990234375,153.39999389648438,153.4199981689453,,9765.0
2022-11-04 11:54:00-04:00,153.4199981689453,153.77000427246094,153.3699951171875,153.39999389648438,,11389.0
2022-11-04 11:55:00-04:00,153.44000244140625,153.6699981689453,153.16000366210938,153.61000061035156,,40725.0
2022-11-04 11:56:00-04:00,153.61000061035156,153.75999450683594,153.3699951171875,153.37010192871094,,9047.0
2022-11-04 11:57:00-04:00,153.52999877929688,153.55999755859375,153.25,153.4250030517578,,8631.0
2022-11-04 11:58:00-04:00,153.38499450683594,153.4871063232422,153.2899932861328,153.43499755859375,,4046.0
2022-11-04 11:59:00-04:00,153.38999938964844,153.55999755859375,153.10000610351562,153.10000610351562,,8512.0
2022-11-04 12:00:00-04:00,153.19000244140625,154.08619689941406,153.17999267578125,154.0032958984375,,15135.0
2022-11-04 12:01:00-04:00,154.00999450683594,154.00999450683594,153.77999877929688,153.85040283203125,,4877.0
2022-11-04 12:02:00-04:00,153.90499877929688,154.13999938964844,153.72999572753906,153.7899932861328,,8787.0
2022-11-04 12:03:00-04:00,153.7899932861328,153.7899932861328,153.29319763183594,153.4499969482422,,5722.0
2022-11-04 12:04:00-04:00,153.50999450683594,153.5800018310547,153.50010681152344,153.51100158691406,,1398.0
2022-11-04 12:05:00-04:00,153.7100067138672,153.89500427246094,153.7100067138672,153.8300018310547,,21620.0
2022-11-04 12:06:00-04:00,153.94000244140625,154.1999969482422,153.94000244140625,154.1699981689453,,11059.0
2022-11-04 12:07:00-04:00,154.13499450683594,154.19500732421875,154.0399932861328,154.0399932861328,,7526.0
2022-11-04 12:08:00-04:00,154.0749969482422,154.3000030517578,154.02000427246094,154.07000732421875,,6805.0
2022-11-04 12:09:00-04:00,154.07000732421875,154.4499969482422,154.0,154.2899932861328,,16848.0
2022-11-04 12:10:00-04:00,154.1699981689453,154.22999572753906,153.89999389648438,154.21499633789062,,9954.0
2022-11-04 12:11:00-04:00,154.3000030517578,154.3249969482422,154.13999938964844,154.13999938964844,,11321.0
2022-11-04 12:12:00-04:00,154.13999938964844,154.1999969482422,153.69619750976562,153.69619750976562,,3851.0
2022-11-04 12:13:00-04:00,153.67010498046875,153.7899932861328,153.57000732421875,153.61000061035156,,13697.0
2022-11-04 12:14:00-04:00,153.57000732421875,153.89999389648438,153.57000732421875,153.7274932861328,,12772.0
2022-11-04 12:15:00-04:00,153.7899932861328,153.80999755859375,153.65499877929688,153.65499877929688,,16538.0
2022-11-04 12:16:00-04:00,153.58999633789062,153.64999389648438,153.5399932861328,153.5399932861328,,9913.0
2022-11-04 12:17:00-04:00,153.5749969482422,154.10879516601562,153.4499969482422,154.10879516601562,,20121.0
2022-11-04 12:18:00-04:00,154.1199951171875,154.2449951171875,153.9499969482422,154.13499450683594,,10336.0
2022-11-04 12:19:00-04:00,154.07000732421875,154.07000732421875,153.42999267578125,153.6699981689453,,17130.0
2022-11-04 12:20:00-04:00,153.69000244140625,153.75,153.58999633789062,153.66000366210938,,5092.0
2022-11-04 12:21:00-04:00,153.58999633789062,153.69500732421875,153.41000366210938,153.41000366210938,,12104.0
2022-11-04 12:22:00-04:00,153.41000366210938,153.41000366210938,153.2100067138672,153.2899932861328,,6999.0
2022-11-04 12:23:00-04:00,153.3699951171875,153.3699951171875,152.88999938964844,152.88999938964844,,12603.0
2022-11-04 12:24:00-04:00,152.97000122070312,153.03500366210938,152.4499969482422,152.4499969482422,,11324.0
2022-11-04 12:25:00-04:00,153.09500122070312,153.1300048828125,152.9199981689453,152.947998046875,,11727.0
2022-11-04 12:26:00-04:00,152.96270751953125,153.0507049560547,152.86000061035156,152.89500427246094,,7580.0
2022-11-04 12:27:00-04:00,152.97210693359375,153.42999267578125,152.97210693359375,153.42999267578125,,7046.0
2022-11-04 12:28:00-04:00,153.47999572753906,153.75999450683594,153.47999572753906,153.72999572753906,,4904.0
2022-11-04 12:29:00-04:00,153.75140380859375,154.10000610351562,153.75140380859375,154.02000427246094,,10280.0
2022-11-04 12:30:00-04:00,153.9600067138672,154.10000610351562,153.6300048828125,153.97999572753906,,5796.0
2022-11-04 12:31:00-04:00,154.1300048828125,154.13870239257812,154.00999450683594,154.00999450683594,,5448.0
2022-11-04 12:32:00-04:00,154.0800018310547,154.1300048828125,153.9700927734375,154.1300048828125,,2491.0
2022-11-04 12:33:00-04:00,154.17999267578125,154.2899932861328,154.1199951171875,154.24319458007812,,6732.0
2022-11-04 12:34:00-04:00,154.25999450683594,154.60000610351562,154.24749755859375,154.46400451660156,,13673.0
2022-11-04 12:35:00-04:00,154.4947967529297,154.5,154.33999633789062,154.4871063232422,,5995.0
2022-11-04 12:36:00-04:00,154.3699951171875,154.5,154.11000061035156,154.44000244140625,,14011.0
2022-11-04 12:37:00-04:00,154.38999938964844,154.44000244140625,154.27000427246094,154.38999938964844,,8223.0
2022-11-04 12:38:00-04:00,154.32009887695312,154.4499969482422,154.2100067138672,154.2100067138672,,4206.0
2022-11-04 12:39:00-04:00,154.33999633789062,154.33999633789062,154.19000244140625,154.25,,8919.0
2022-11-04 12:40:00-04:00,154.24000549316406,154.24000549316406,153.6699981689453,153.7449951171875,,11359.0
2022-11-04 12:41:00-04:00,153.72999572753906,153.8800048828125,153.6699981689453,153.6840057373047,,8343.0
2022-11-04 12:42:00-04:00,153.7899932861328,153.80999755859375,152.9499969482422,153.14999389648438,,51807.0
2022-11-04 12:43:00-04:00,153.16000366210938,153.16000366210938,152.72999572753906,152.72999572753906,,7109.0
2022-11-04 12:44:00-04:00,152.6699981689453,152.6999969482422,152.27999877929688,152.47000122070312,,11555.0
2022-11-04 12:45:00-04:00,152.5,152.5,152.25,152.25,,11587.0
2022-11-04 12:46:00-04:00,152.33999633789062,152.42999267578125,152.21009826660156,152.2899932861328,,5607.0
2022-11-04 12:47:00-04:00,152.3699951171875,152.44000244140625,152.3699951171875,152.44000244140625,,9052.0
2022-11-04 12:48:00-04:00,152.38999938964844,152.5,152.3699951171875,152.49000549316406,,13819.0
2022-11-04 12:49:00-04:00,152.38999938964844,152.42999267578125,152.2899932861328,152.30999755859375,,10061.0
2022-11-04 12:50:00-04:00,152.2899932861328,152.5657958984375,152.2899932861328,152.5657958984375,,16129.0
2022-11-04 12:51:00-04:00,152.5449981689453,152.6300048828125,152.49000549316406,152.5814971923828,,4280.0
2022-11-04 12:52:00-04:00,152.64999389648438,152.88999938964844,152.64999389648438,152.78199768066406,,7410.0
2022-11-04 12:53:00-04:00,152.6999969482422,153.27000427246094,152.6699981689453,153.2550048828125,,8199.0
2022-11-04 12:54:00-04:00,153.33999633789062,153.77000427246094,153.33999633789062,153.55999755859375,,7451.0
2022-11-04 12:55:00-04:00,153.5500030517578,153.5500030517578,153.30999755859375,153.36500549316406,,6095.0
2022-11-04 12:56:00-04:00,153.36000061035156,153.58819580078125,153.32000732421875,153.5688018798828,,15058.0
2022-11-04 12:57:00-04:00,153.47000122070312,153.72000122070312,153.375,153.5800018310547,,7737.0
2022-11-04 12:58:00-04:00,153.6999969482422,154.22000122070312,153.6649932861328,154.1999969482422,,14856.0
2022-11-04 12:59:00-04:00,154.10000610351562,154.1634979248047,153.92999267578125,154.0050048828125,,11885.0
2022-11-04 13:00:00-04:00,153.9199981689453,154.11000061035156,153.75999450683594,154.11000061035156,,13071.0
2022-11-04 13:01:00-04:00,154.1300048828125,154.27999877929688,154.1199951171875,154.2550048828125,,14269.0
2022-11-04 13:02:00-04:00,153.88999938964844,153.97999572753906,153.8300018310547,153.86500549316406,,12481.0
2022-11-04 13:03:00-04:00,153.86500549316406,153.9813995361328,153.74000549316406,153.8300018310547,,13967.0
2022-11-04 13:04:00-04:00,153.8300018310547,154.39999389648438,153.8300018310547,154.25,,14972.0
2022-11-04 13:05:00-04:00,154.33999633789062,154.41510009765625,154.1300048828125,154.39999389648438,,11854.0
2022-11-04 13:06:00-04:00,154.3800048828125,154.55999755859375,154.26499938964844,154.49000549316406,,11724.0
2022-11-04 13:07:00-04:00,154.49000549316406,154.5,154.02499389648438,154.02499389648438,,12794.0
2022-11-04 13:08:00-04:00,153.960205078125,154.0050048828125,153.63999938964844,153.63999938964844,,4561.0
2022-11-04 13:09:00-04:00,153.52999877929688,153.58999633789062,153.39999389648438,153.47000122070312,,6233.0
2022-11-04 13:10:00-04:00,153.5500030517578,153.78219604492188,153.50999450683594,153.66000366210938,,11649.0
2022-11-04 13:11:00-04:00,153.7198944091797,154.33999633789062,153.49000549316406,154.19000244140625,,14032.0
2022-11-04 13:12:00-04:00,154.13999938964844,154.42990112304688,154.11000061035156,154.38999938964844,,4020.0
2022-11-04 13:13:00-04:00,154.2550048828125,154.2550048828125,154.13999938964844,154.1999969482422,,9517.0
2022-11-04 13:14:00-04:00,154.1999969482422,154.1999969482422,154.1999969482422,154.1999969482422,,843.0
2022-11-04 13:15:00-04:00,154.2100067138672,154.55999755859375,154.0800018310547,154.52499389648438,,15004.0
2022-11-04 13:16:00-04:00,154.52000427246094,154.52000427246094,154.3699951171875,154.3699951171875,,1958.0
2022-11-04 13:17:00-04:00,154.42999267578125,154.50999450683594,154.38999938964844,154.4250030517578,,13137.0
2022-11-04 13:18:00-04:00,154.32000732421875,154.32000732421875,154.32000732421875,154.32000732421875,,6216.0
2022-11-04 13:19:00-04:00,154.44239807128906,154.52000427246094,154.3000030517578,154.5,,4195.0
2022-11-04 13:20:00-04:00,154.5800018310547,154.6999969482422,154.4499969482422,154.47999572753906,,8945.0
2022-11-04 13:21:00-04:00,154.52000427246094,154.5399932861328,154.3800048828125,154.42999267578125,,4987.0
2022-11-04 13:22:00-04:00,154.42999267578125,154.74000549316406,154.40240478515625,154.74000549316406,,7907.0
2022-11-04 13:23:00-04:00,154.7899932861328,155.02999877929688,154.77999877929688,154.94500732421875,,21314.0
2022-11-04 13:24:00-04:00,154.92999267578125,155.02999877929688,154.85000610351562,154.9499969482422,,16758.0
2022-11-04 13:25:00-04:00,154.91000366210938,155.02000427246094,154.8699951171875,155.0050048828125,,5518.0
2022-11-04 13:26:00-04:00,155.0050048828125,155.0500030517578,154.85000610351562,154.875,,10035.0
2022-11-04 13:27:00-04:00,154.8800048828125,154.9199981689453,154.50999450683594,154.60499572753906,,9894.0
2022-11-04 13:28:00-04:00,154.52999877929688,154.86000061035156,154.4499969482422,154.84010314941406,,6815.0
2022-11-04 13:29:00-04:00,154.91000366210938,154.91000366210938,154.5749969482422,154.66000366210938,,3741.0
2022-11-04 13:30:00-04:00,154.68499755859375,154.75,154.44000244140625,154.44000244140625,,5451.0
2022-11-04 13:31:00-04:00,154.5399932861328,154.85000610351562,154.5,154.80499267578125,,7681.0
2022-11-04 13:32:00-04:00,154.8498992919922,154.89999389648438,154.47000122070312,154.5500030517578,,4396.0
2022-11-04 13:33:00-04:00,154.5500030517578,154.69500732421875,154.41000366210938,154.625,,9117.0
2022-11-04 13:34:00-04:00,154.5500030517578,154.75,154.49000549316406,154.61000061035156,,6548.0
2022-11-04 13:35:00-04:00,154.60000610351562,154.64500427246094,154.5050048828125,154.64500427246094,,6834.0
2022-11-04 13:36:00-04:00,154.64500427246094,154.75999450683594,154.58999633789062,154.74000549316406,,8772.0
2022-11-04 13:37:00-04:00,154.74000549316406,154.85000610351562,154.66000366210938,154.8000030517578,,6476.0
2022-11-04 13:38:00-04:00,154.85000610351562,154.92999267578125,154.85000610351562,154.92999267578125,,2910.0
2022-11-04 13:39:00-04:00,154.88999938964844,155.25999450683594,154.88999938964844,154.91160583496094,,45133.0
2022-11-04 13:40:00-04:00,154.78500366210938,154.7899932861328,154.5500030517578,154.6074981689453,,6918.0
2022-11-04 13:41:00-04:00,154.66000366210938,154.66000366210938,154.41000366210938,154.5,,7992.0
2022-11-04 13:42:00-04:00,154.52999877929688,154.5800018310547,154.35000610351562,154.35000610351562,,10103.0
2022-11-04 13:43:00-04:00,154.30499267578125,154.5399932861328,154.21009826660156,154.5399932861328,,2880.0
2022-11-04 13:44:00-04:00,154.47000122070312,154.5072021484375,154.32000732421875,154.3350067138672,,14793.0
2022-11-04 13:45:00-04:00,154.3542938232422,154.3800048828125,154.22000122070312,154.32000732421875,,6341.0
2022-11-04 13:46:00-04:00,154.33999633789062,154.70989990234375,154.32000732421875,154.70989990234375,,4247.0
2022-11-04 13:47:00-04:00,154.6300048828125,154.6300048828125,154.42999267578125,154.61000061035156,,3933.0
2022-11-04 13:48:00-04:00,154.6199951171875,154.75999450683594,154.61000061035156,154.69000244140625,,2343.0
2022-11-04 13:49:00-04:00,154.77499389648438,154.77999877929688,154.6999969482422,154.77999877929688,,3559.0
2022-11-04 13:50:00-04:00,154.8249969482422,154.99000549316406,154.6999969482422,154.72000122070312,,11183.0
2022-11-04 13:51:00-04:00,154.75999450683594,154.8800048828125,154.72999572753906,154.8000030517578,,2739.0
2022-11-04 13:52:00-04:00,154.8350067138672,154.8699951171875,154.7899932861328,154.8000030517578,,3792.0
2022-11-04 13:53:00-04:00,154.8300018310547,154.92999267578125,154.8300018310547,154.92999267578125,,11050.0
2022-11-04 13:54:00-04:00,154.90499877929688,154.91000366210938,154.77000427246094,154.82000732421875,,5633.0
2022-11-04 13:55:00-04:00,154.8350067138672,154.8350067138672,154.61000061035156,154.61000061035156,,3407.0
2022-11-04 13:56:00-04:00,154.60000610351562,154.64999389648438,154.5850067138672,154.6425018310547,,3580.0
2022-11-04 13:57:00-04:00,154.606201171875,154.77000427246094,154.52000427246094,154.6699981689453,,5888.0
2022-11-04 13:58:00-04:00,154.67999267578125,154.7899932861328,154.6199951171875,154.72500610351562,,5443.0
2022-11-04 13:59:00-04:00,154.77999877929688,154.87989807128906,154.67999267578125,154.8300018310547,,3722.0
2022-11-04 14:00:00-04:00,154.77000427246094,154.97000122070312,154.77000427246094,154.83999633789062,,5701.0
2022-11-04 14:01:00-04:00,154.8000030517578,155.0449981689453,154.75999450683594,155.0449981689453,,9199.0
2022-11-04 14:02:00-04:00,155.0500030517578,155.2100067138672,155.0399932861328,155.1649932861328,,13577.0
2022-11-04 14:03:00-04:00,155.30499267578125,155.44149780273438,155.27000427246094,155.35000610351562,,6449.0
2022-11-04 14:04:00-04:00,155.35000610351562,155.35000610351562,155.11000061035156,155.11000061035156,,5659.0
2022-11-04 14:05:00-04:00,155.13499450683594,155.67999267578125,155.13499450683594,155.53070068359375,,31675.0
2022-11-04 14:06:00-04:00,155.460693359375,155.460693359375,154.97999572753906,154.97999572753906,,11420.0
2022-11-04 14:07:00-04:00,154.9499969482422,155.3699951171875,154.83999633789062,155.22000122070312,,8458.0
2022-11-04 14:08:00-04:00,155.26400756835938,155.26400756835938,155.03680419921875,155.10499572753906,,3978.0
2022-11-04 14:09:00-04:00,155.1199951171875,155.1199951171875,155.02000427246094,155.03050231933594,,3704.0
2022-11-04 14:10:00-04:00,155.0800018310547,155.25,155.06500244140625,155.25,,3708.0
2022-11-04 14:11:00-04:00,155.19500732421875,155.4550018310547,155.19000244140625,155.38999938964844,,10641.0
2022-11-04 14:12:00-04:00,155.4250030517578,155.4250030517578,155.11000061035156,155.1300048828125,,6795.0
2022-11-04 14:13:00-04:00,155.2100067138672,155.4199981689453,155.2100067138672,155.4199981689453,,5184.0
2022-11-04 14:14:00-04:00,155.375,155.44000244140625,155.375,155.4250030517578,,1639.0
2022-11-04 14:15:00-04:00,155.4199981689453,155.4199981689453,155.35000610351562,155.35000610351562,,9933.0
2022-11-04 14:16:00-04:00,155.36000061035156,155.64500427246094,155.3000946044922,155.52000427246094,,16938.0
2022-11-04 14:17:00-04:00,155.57000732421875,156.25,155.57000732421875,156.25,,39192.0
2022-11-04 14:18:00-04:00,156.1999969482422,156.26499938964844,155.9499969482422,156.125,,16763.0
2022-11-04 14:19:00-04:00,156.04010009765625,156.5850067138672,156.04010009765625,156.5850067138672,,25450.0
2022-11-04 14:20:00-04:00,156.60000610351562,156.66000366210938,156.24000549316406,156.24000549316406,,13528.0
2022-11-04 14:21:00-04:00,156.2100067138672,156.36000061035156,156.16000366210938,156.32000732421875,,4993.0
2022-11-04 14:22:00-04:00,156.33999633789062,156.72560119628906,156.33999633789062,156.55999755859375,,7510.0
2022-11-04 14:23:00-04:00,156.59500122070312,157.1199951171875,156.59500122070312,156.83999633789062,,85226.0
2022-11-04 14:24:00-04:00,156.83999633789062,157.0290069580078,156.75,156.9199981689453,,16458.0
2022-11-04 14:25:00-04:00,156.8800048828125,156.8800048828125,156.72999572753906,156.77999877929688,,21968.0
2022-11-04 14:26:00-04:00,156.82679748535156,156.89999389648438,156.75,156.75,,9948.0
2022-11-04 14:27:00-04:00,156.7550048828125,156.7550048828125,156.57119750976562,156.6800994873047,,4042.0
2022-11-04 14:28:00-04:00,156.8300018310547,157.0872039794922,156.77000427246094,156.94000244140625,,19287.0
2022-11-04 14:29:00-04:00,156.86000061035156,157.0800018310547,156.83999633789062,157.02000427246094,,5819.0
2022-11-04 14:30:00-04:00,157.0399932861328,157.0800018310547,156.8000030517578,156.8000030517578,,10218.0
2022-11-04 14:31:00-04:00,156.82960510253906,156.82960510253906,156.72000122070312,156.7949981689453,,9682.0
2022-11-04 14:32:00-04:00,156.75,157.33999633789062,156.75,157.3000030517578,,27820.0
2022-11-04 14:33:00-04:00,157.21009826660156,157.5,157.1699981689453,157.1699981689453,,18203.0
2022-11-04 14:34:00-04:00,157.1199951171875,157.21449279785156,157.10000610351562,157.17999267578125,,11247.0
2022-11-04 14:35:00-04:00,157.10000610351562,157.3300018310547,157.0500030517578,157.32000732421875,,13540.0
2022-11-04 14:36:00-04:00,157.32859802246094,157.4499969482422,157.0800018310547,157.14999389648438,,23982.0
2022-11-04 14:37:00-04:00,157.16000366210938,157.25,157.0800018310547,157.25,,8089.0
2022-11-04 14:38:00-04:00,157.25999450683594,157.3800048828125,157.11000061035156,157.3000030517578,,11614.0
2022-11-04 14:39:00-04:00,157.3249969482422,157.4470977783203,157.16000366210938,157.16000366210938,,10844.0
2022-11-04 14:40:00-04:00,157.17999267578125,157.2805938720703,157.11000061035156,157.25,,9251.0
2022-11-04 14:41:00-04:00,157.1999969482422,157.42999267578125,157.0399932861328,157.42999267578125,,10127.0
2022-11-04 14:42:00-04:00,157.2899932861328,157.5800018310547,157.2899932861328,157.55999755859375,,27632.0
2022-11-04 14:43:00-04:00,157.57000732421875,157.8000030517578,157.5500030517578,157.6699981689453,,31834.0
2022-11-04 14:44:00-04:00,157.69000244140625,157.88999938964844,157.5800018310547,157.6300048828125,,28569.0
2022-11-04 14:45:00-04:00,157.64500427246094,157.64500427246094,157.44000244140625,157.49000549316406,,12195.0
2022-11-04 14:46:00-04:00,157.52000427246094,157.61639404296875,157.4499969482422,157.60000610351562,,6641.0
2022-11-04 14:47:00-04:00,157.5500030517578,157.82899475097656,157.47000122070312,157.7899932861328,,20630.0
2022-11-04 14:48:00-04:00,157.78500366210938,157.8300018310547,157.72999572753906,157.77999877929688,,9460.0
2022-11-04 14:49:00-04:00,157.77000427246094,157.77000427246094,157.5,157.6199951171875,,14396.0
2022-11-04 14:50:00-04:00,157.57000732421875,157.80999755859375,157.55999755859375,157.67999267578125,,14864.0
2022-11-04 14:51:00-04:00,157.67999267578125,157.8000030517578,157.61000061035156,157.77999877929688,,7475.0
2022-11-04 14:52:00-04:00,157.77000427246094,157.90499877929688,157.77000427246094,157.85000610351562,,11765.0
2022-11-04 14:53:00-04:00,157.85000610351562,157.9199981689453,157.8300018310547,157.8699951171875,,13212.0
2022-11-04 14:54:00-04:00,157.8800048828125,158.1999969482422,157.8800048828125,158.19000244140625,,30370.0
2022-11-04 14:55:00-04:00,158.24000549316406,158.27999877929688,158.02000427246094,158.0800018310547,,18214.0
2022-11-04 14:56:00-04:00,158.0800018310547,158.4199981689453,158.07000732421875,158.3699951171875,,10029.0
2022-11-04 14:57:00-04:00,158.33999633789062,158.35000610351562,158.05999755859375,158.17999267578125,,20939.0
2022-11-04 14:58:00-04:00,158.13999938964844,158.19000244140625,158.0500030517578,158.1300048828125,,15354.0
2022-11-04 14:59:00-04:00,158.1300048828125,158.18499755859375,157.89999389648438,157.9499969482422,,19423.0
2022-11-04 15:00:00-04:00,157.97999572753906,158.00999450683594,157.7100067138672,157.77999877929688,,11973.0
2022-11-04 15:01:00-04:00,157.7899932861328,158.1999969482422,157.77499389648438,158.1999969482422,,19807.0
2022-11-04 15:02:00-04:00,158.20689392089844,158.3350067138672,158.17999267578125,158.2899932861328,,15888.0
2022-11-04 15:03:00-04:00,158.27000427246094,158.36000061035156,158.0,158.16000366210938,,17430.0
2022-11-04 15:04:00-04:00,158.2899932861328,158.2899932861328,158.0919952392578,158.13999938964844,,12969.0
2022-11-04 15:05:00-04:00,158.1699981689453,158.55999755859375,158.1300048828125,158.55999755859375,,18498.0
2022-11-04 15:06:00-04:00,158.57000732421875,158.8800048828125,158.55499267578125,158.8800048828125,,48196.0
2022-11-04 15:07:00-04:00,158.8800048828125,159.24000549316406,158.86500549316406,159.15699768066406,,50371.0
2022-11-04 15:08:00-04:00,159.18800354003906,159.39999389648438,159.14999389648438,159.27999877929688,,30289.0
2022-11-04 15:09:00-04:00,159.3000030517578,159.4499969482422,159.22000122070312,159.22860717773438,,27486.0
2022-11-04 15:10:00-04:00,159.2071075439453,159.35609436035156,159.2071075439453,159.33999633789062,,14541.0
2022-11-04 15:11:00-04:00,159.36000061035156,159.39999389648438,159.33999633789062,159.34500122070312,,3664.0
2022-11-04 15:12:00-04:00,159.27499389648438,159.38999938964844,159.19000244140625,159.36000061035156,,24900.0
2022-11-04 15:13:00-04:00,159.35499572753906,159.49000549316406,159.1717987060547,159.2100067138672,,10635.0
2022-11-04 15:14:00-04:00,159.23500061035156,159.32969665527344,159.11000061035156,159.32000732421875,,32207.0
2022-11-04 15:15:00-04:00,159.30499267578125,159.74000549316406,159.28900146484375,159.74000549316406,,34818.0
2022-11-04 15:16:00-04:00,159.69000244140625,159.72999572753906,159.47000122070312,159.61000061035156,,28160.0
2022-11-04 15:17:00-04:00,159.61000061035156,159.8000030517578,159.60000610351562,159.73500061035156,,15015.0
2022-11-04 15:18:00-04:00,159.73500061035156,159.8000030517578,159.6300048828125,159.77740478515625,,19857.0
2022-11-04 15:19:00-04:00,159.77999877929688,159.8000030517578,159.6649932861328,159.6699981689453,,20383.0
2022-11-04 15:20:00-04:00,159.6300048828125,159.6999969482422,159.38999938964844,159.4499969482422,,17592.0
2022-11-04 15:21:00-04:00,159.42999267578125,159.58999633789062,159.38999938964844,159.43499755859375,,12715.0
2022-11-04 15:22:00-04:00,159.43499755859375,159.5,159.1300048828125,159.24000549316406,,16559.0
2022-11-04 15:23:00-04:00,159.22999572753906,159.44000244140625,159.22500610351562,159.44000244140625,,18799.0
2022-11-04 15:24:00-04:00,159.39999389648438,159.5500030517578,159.22500610351562,159.22500610351562,,18268.0
2022-11-04 15:25:00-04:00,159.16000366210938,159.5,159.1300048828125,159.40660095214844,,47891.0
2022-11-04 15:26:00-04:00,159.44000244140625,159.47999572753906,159.27000427246094,159.44749450683594,,11738.0
2022-11-04 15:27:00-04:00,159.48350524902344,159.6999969482422,159.4550018310547,159.6649932861328,,18350.0
2022-11-04 15:28:00-04:00,159.6300048828125,159.90310668945312,159.6300048828125,159.90310668945312,,30940.0
2022-11-04 15:29:00-04:00,159.8699951171875,159.87879943847656,159.69000244140625,159.77999877929688,,17337.0
2022-11-04 15:30:00-04:00,159.80999755859375,159.92999267578125,159.72000122070312,159.82000732421875,,34304.0
2022-11-04 15:31:00-04:00,159.82000732421875,159.99000549316406,159.82000732421875,159.94479370117188,,33122.0
2022-11-04 15:32:00-04:00,159.99000549316406,159.99000549316406,159.8699951171875,159.92999267578125,,24594.0
2022-11-04 15:33:00-04:00,159.9499969482422,159.99000549316406,159.77999877929688,159.99000549316406,,36678.0
2022-11-04 15:34:00-04:00,159.97999572753906,160.74000549316406,159.97999572753906,160.6501007080078,,195974.0
2022-11-04 15:35:00-04:00,160.68499755859375,160.72000122070312,160.1300048828125,160.22000122070312,,36534.0
2022-11-04 15:36:00-04:00,160.22000122070312,160.22000122070312,159.75010681152344,159.77499389648438,,31617.0
2022-11-04 15:37:00-04:00,159.82000732421875,159.86000061035156,159.39999389648438,159.39999389648438,,24730.0
2022-11-04 15:38:00-04:00,159.42999267578125,159.42999267578125,159.07000732421875,159.07000732421875,,23650.0
2022-11-04 15:39:00-04:00,159.1221923828125,159.38999938964844,159.02999877929688,159.14999389648438,,14914.0
2022-11-04 15:40:00-04:00,159.16000366210938,159.17999267578125,158.80999755859375,159.0449981689453,,34630.0
2022-11-04 15:41:00-04:00,158.9499969482422,158.9499969482422,158.72549438476562,158.80999755859375,,13562.0
2022-11-04 15:42:00-04:00,158.7700958251953,158.81199645996094,158.46099853515625,158.55499267578125,,19344.0
2022-11-04 15:43:00-04:00,158.55499267578125,158.6999969482422,158.36000061035156,158.43899536132812,,32359.0
2022-11-04 15:44:00-04:00,158.41000366210938,158.6699981689453,158.35000610351562,158.64500427246094,,18215.0
2022-11-04 15:45:00-04:00,158.63999938964844,158.72000122070312,158.5500030517578,158.68499755859375,,8360.0
2022-11-04 15:46:00-04:00,158.59500122070312,158.83999633789062,158.5800018310547,158.74000549316406,,35894.0
2022-11-04 15:47:00-04:00,158.7100067138672,158.77000427246094,158.0500030517578,158.10000610351562,,29038.0
2022-11-04 15:48:00-04:00,158.10000610351562,158.3000030517578,158.0399932861328,158.0399932861328,,24830.0
2022-11-04 15:49:00-04:00,158.0500030517578,158.39999389648438,158.0399932861328,158.36000061035156,,35540.0
2022-11-04 15:50:00-04:00,158.39999389648438,158.4250030517578,158.1699981689453,158.1699981689453,,53626.0
2022-11-04 15:51:00-04:00,158.16000366210938,158.1699981689453,157.61000061035156,157.8800048828125,,52056.0
2022-11-04 15:52:00-04:00,157.8000946044922,157.9199981689453,157.74000549316406,157.83999633789062,,37790.0
2022-11-04 15:53:00-04:00,157.88999938964844,157.97000122070312,157.75,157.9499969482422,,34890.0
2022-11-04 15:54:00-04:00,157.9499969482422,158.36000061035156,157.93499755859375,158.25,,41556.0
2022-11-04 15:55:00-04:00,158.3000030517578,158.3800048828125,158.1199951171875,158.17999267578125,,58431.0
2022-11-04 15:56:00-04:00,158.1699981689453,158.24000549316406,158.1199951171875,158.1999969482422,,47753.0
2022-11-04 15:57:00-04:00,158.19009399414062,158.24000549316406,158.05999755859375,158.09500122070312,,48355.0
2022-11-04 15:58:00-04:00,158.0800018310547,158.1699981689453,158.0800018310547,158.13999938964844,,57841.0
2022-11-04 15:59:00-04:00,158.14999389648438,158.52999877929688,158.1475067138672,158.44000244140625,,147156.0
2022-11-07 09:30:00-05:00,158.4600067138672,159.10000610351562,156.8000030517578,158.9918975830078,,124351.0
2022-11-07 09:31:00-05:00,159.32000732421875,160.6300048828125,158.59500122070312,159.9705047607422,,36892.0
2022-11-07 09:32:00-05:00,160.0,160.4499969482422,159.44000244140625,159.91000366210938,,16416.0
2022-11-07 09:33:00-05:00,158.56919860839844,159.15609741210938,158.56919860839844,158.61500549316406,,25089.0
2022-11-07 09:34:00-05:00,159.10940551757812,159.10940551757812,158.6999969482422,158.6999969482422,,8314.0
2022-11-07 09:35:00-05:00,159.0,159.0,159.0,159.0,,8855.0
2022-11-07 09:36:00-05:00,158.75,159.24000549316406,158.37730407714844,158.60000610351562,,19665.0
2022-11-07 09:37:00-05:00,158.58999633789062,158.58999633789062,157.22999572753906,157.4550018310547,,17270.0
2022-11-07 09:38:00-05:00,157.80499267578125,157.97000122070312,157.50999450683594,157.6082000732422,,13334.0
2022-11-07 09:39:00-05:00,157.92999267578125,158.10000610351562,157.75,157.93499755859375,,12018.0
2022-11-07 09:40:00-05:00,157.6999969482422,157.88999938964844,157.63009643554688,157.8300018310547,,12954.0
2022-11-07 09:41:00-05:00,157.75,157.84500122070312,157.3000030517578,157.6199951171875,,9081.0
2022-11-07 09:42:00-05:00,157.30999755859375,157.79989624023438,157.30999755859375,157.79989624023438,,937.0
2022-11-07 09:43:00-05:00,157.5,157.6295928955078,157.34500122070312,157.34500122070312,,13149.0
2022-11-07 09:44:00-05:00,157.5,157.50999450683594,156.69000244140625,156.69000244140625,,25337.0
2022-11-07 09:45:00-05:00,156.5,156.5,156.5,156.5,,10843.0
2022-11-07 09:46:00-05:00,157.0,157.1300048828125,156.58999633789062,156.58999633789062,,13815.0
2022-11-07 09:47:00-05:00,156.75999450683594,156.75999450683594,156.75999450683594,156.75999450683594,,573.0
2022-11-07 09:48:00-05:00,156.8249969482422,156.8249969482422,156.30999755859375,156.30999755859375,,52015.0
2022-11-07 09:49:00-05:00,156.49000549316406,157.00999450683594,156.16000366210938,156.92999267578125,,8245.0
2022-11-07 09:50:00-05:00,156.89999389648438,157.8300018310547,156.89999389648438,157.8300018310547,,18923.0
2022-11-07 09:51:00-05:00,157.8300018310547,158.22000122070312,157.61000061035156,158.0,,17691.0
2022-11-07 09:52:00-05:00,158.0,158.30999755859375,157.6999969482422,158.1999969482422,,20270.0
2022-11-07 09:53:00-05:00,158.1999969482422,158.36000061035156,157.38999938964844,157.67999267578125,,30314.0
2022-11-07 09:54:00-05:00,157.98500061035156,158.03199768066406,157.4801025390625,157.72999572753906,,21880.0
2022-11-07 09:55:00-05:00,157.8300018310547,158.27000427246094,157.8300018310547,158.1999969482422,,6987.0
2022-11-07 09:56:00-05:00,158.10000610351562,158.8800048828125,158.10000610351562,158.72999572753906,,22656.0
2022-11-07 09:57:00-05:00,158.8699951171875,159.39999389648438,158.80580139160156,159.3426971435547,,16725.0
2022-11-07 09:58:00-05:00,159.39999389648438,159.66000366210938,159.2100067138672,159.2677001953125,,15004.0
2022-11-07 09:59:00-05:00,159.33999633789062,160.04989624023438,159.3000030517578,159.939697265625,,19423.0
2022-11-07 10:00:00-05:00,159.99000549316406,160.06500244140625,159.4199981689453,159.69000244140625,,22308.0
2022-11-07 10:01:00-05:00,159.72999572753906,160.38999938964844,159.72000122070312,160.2949981689453,,26322.0
2022-11-07 10:02:00-05:00,160.2949981689453,160.72999572753906,160.08999633789062,160.61000061035156,,12534.0
2022-11-07 10:03:00-05:00,161.09219360351562,161.29989624023438,160.63009643554688,160.70779418945312,,37872.0
2022-11-07 10:04:00-05:00,160.6199951171875,160.75999450683594,160.50999450683594,160.625,,11981.0
2022-11-07 10:05:00-05:00,160.6300048828125,160.8300018310547,160.50999450683594,160.63999938964844,,14683.0
2022-11-07 10:06:00-05:00,160.21249389648438,160.3000030517578,159.9499969482422,160.15809631347656,,22767.0
2022-11-07 10:07:00-05:00,160.13999938964844,160.30999755859375,160.00999450683594,160.14999389648438,,13000.0
2022-11-07 10:08:00-05:00,160.0500030517578,160.13999938964844,159.62640380859375,159.88499450683594,,13636.0
2022-11-07 10:09:00-05:00,159.7899932861328,160.16000366210938,159.72999572753906,160.0399932861328,,12890.0
2022-11-07 10:10:00-05:00,160.05999755859375,160.16000366210938,159.91000366210938,160.1300048828125,,18333.0
2022-11-07 10:11:00-05:00,160.0800018310547,160.39999389648438,159.89999389648438,160.39999389648438,,20056.0
2022-11-07 10:12:00-05:00,160.41000366210938,160.58099365234375,160.2801055908203,160.3000030517578,,12186.0
2022-11-07 10:13:00-05:00,160.41000366210938,160.5,160.1999969482422,160.32000732421875,,5836.0
2022-11-07 10:14:00-05:00,160.4499969482422,160.72000122070312,160.33639526367188,160.36000061035156,,22437.0
2022-11-07 10:15:00-05:00,160.25,160.82000732421875,160.0601043701172,160.69000244140625,,19729.0
2022-11-07 10:16:00-05:00,160.6197052001953,160.99000549316406,160.6197052001953,160.72999572753906,,10326.0
2022-11-07 10:17:00-05:00,160.71499633789062,160.71499633789062,160.24000549316406,160.24000549316406,,11517.0
2022-11-07 10:18:00-05:00,160.19000244140625,160.4799041748047,160.19000244140625,160.32000732421875,,6507.0
2022-11-07 10:19:00-05:00,160.3249969482422,160.61000061035156,160.24070739746094,160.52000427246094,,11814.0
2022-11-07 10:20:00-05:00,160.44000244140625,160.72999572753906,160.2899932861328,160.52000427246094,,13621.0
2022-11-07 10:21:00-05:00,160.5800018310547,160.61000061035156,160.0,160.45230102539062,,10328.0
2022-11-07 10:22:00-05:00,160.74000549316406,160.82000732421875,160.58999633789062,160.72000122070312,,5585.0
2022-11-07 10:23:00-05:00,160.69000244140625,160.89999389648438,160.5,160.5,,11043.0
2022-11-07 10:24:00-05:00,160.38999938964844,160.47999572753906,160.22999572753906,160.47999572753906,,3440.0
2022-11-07 10:25:00-05:00,160.46180725097656,160.46180725097656,159.7899932861328,159.94000244140625,,30386.0
2022-11-07 10:26:00-05:00,159.99000549316406,160.47000122070312,159.94700622558594,160.4499969482422,,5836.0
2022-11-07 10:27:00-05:00,160.47999572753906,160.52000427246094,160.14999389648438,160.24000549316406,,10711.0
2022-11-07 10:28:00-05:00,160.3300018310547,160.8000030517578,160.26100158691406,160.61549377441406,,10044.0
2022-11-07 10:29:00-05:00,160.53619384765625,160.97999572753906,160.53619384765625,160.87010192871094,,12595.0
2022-11-07 10:30:00-05:00,161.0,161.3000030517578,160.92999267578125,161.05999755859375,,21245.0
2022-11-07 10:31:00-05:00,161.1199951171875,161.33999633789062,161.00999450683594,161.33999633789062,,41321.0
2022-11-07 10:32:00-05:00,161.39999389648438,161.74000549316406,161.1699981689453,161.72000122070312,,20606.0
2022-11-07 10:33:00-05:00,161.77000427246094,161.77999877929688,161.47000122070312,161.60000610351562,,12057.0
2022-11-07 10:34:00-05:00,161.6584930419922,162.08999633789062,161.52999877929688,162.08999633789062,,20376.0
2022-11-07 10:35:00-05:00,162.1199951171875,163.1649932861328,162.1199951171875,163.11000061035156,,38863.0
2022-11-07 10:36:00-05:00,163.17999267578125,163.3000030517578,162.86000061035156,162.96730041503906,,34473.0
2022-11-07 10:37:00-05:00,163.0500030517578,163.60000610351562,163.02890014648438,163.60000610351562,,29987.0
2022-11-07 10:38:00-05:00,163.60000610351562,163.80499267578125,163.42999267578125,163.64999389648438,,29928.0
2022-11-07 10:39:00-05:00,163.64500427246094,163.74000549316406,163.3300018310547,163.67999267578125,,43234.0
2022-11-07 10:40:00-05:00,163.8699951171875,164.1699981689453,163.8000030517578,164.0800018310547,,29867.0
2022-11-07 10:41:00-05:00,164.07000732421875,164.70989990234375,164.02000427246094,164.59010314941406,,28582.0
2022-11-07 10:42:00-05:00,164.61000061035156,165.41000366210938,164.52000427246094,165.24000549316406,,108711.0
2022-11-07 10:43:00-05:00,165.23440551757812,165.49000549316406,164.72000122070312,165.3699951171875,,51045.0
2022-11-07 10:44:00-05:00,165.35260009765625,165.44000244140625,164.8699951171875,165.25,,20904.0
2022-11-07 10:45:00-05:00,165.25,165.39999389648438,165.0,165.1699981689453,,28804.0
2022-11-07 10:46:00-05:00,165.1699981689453,165.27000427246094,164.5399932861328,164.8699951171875,,43075.0
2022-11-07 10:47:00-05:00,164.84609985351562,164.94000244140625,163.94000244140625,163.94000244140625,,29138.0
2022-11-07 10:48:00-05:00,164.0399932861328,164.58999633789062,164.02999877929688,164.58999633789062,,33878.0
2022-11-07 10:49:00-05:00,164.50999450683594,164.82000732421875,164.36000061035156,164.40060424804688,,24203.0
2022-11-07 10:50:00-05:00,164.3699951171875,164.66000366210938,164.2969970703125,164.61000061035156,,12620.0
2022-11-07 10:51:00-05:00,164.70880126953125,164.70880126953125,164.60000610351562,164.60000610351562,,14697.0
2022-11-07 10:52:00-05:00,164.6649932861328,164.6649932861328,164.08999633789062,164.08999633789062,,14035.0
2022-11-07 10:54:00-05:00,163.4600067138672,163.75999450683594,163.30999755859375,163.49000549316406,,43664.0
2022-11-07 10:55:00-05:00,163.44500732421875,163.57000732421875,163.08729553222656,163.3000030517578,,19041.0
2022-11-07 10:56:00-05:00,163.3249969482422,163.3249969482422,162.77000427246094,163.03269958496094,,12222.0
2022-11-07 10:57:00-05:00,163.10000610351562,163.14999389648438,162.7899932861328,162.86000061035156,,9760.0
2022-11-07 10:58:00-05:00,162.61000061035156,163.0800018310547,162.61000061035156,163.01499938964844,,13971.0
2022-11-07 10:59:00-05:00,162.97000122070312,162.97000122070312,162.73480224609375,162.95750427246094,,6904.0
2022-11-07 11:00:00-05:00,163.02000427246094,163.18499755859375,162.5800018310547,162.5800018310547,,15423.0
2022-11-07 11:01:00-05:00,162.5800018310547,162.5800018310547,162.3300018310547,162.33999633789062,,13001.0
2022-11-07 11:02:00-05:00,162.36000061035156,162.47999572753906,162.1300048828125,162.1300048828125,,20186.0
2022-11-07 11:03:00-05:00,162.11720275878906,162.8000030517578,162.0800018310547,162.61000061035156,,11975.0
2022-11-07 11:04:00-05:00,162.6199951171875,162.63999938964844,162.49000549316406,162.5850067138672,,7582.0
2022-11-07 11:05:00-05:00,162.57000732421875,162.59500122070312,162.47000122070312,162.47999572753906,,6738.0
2022-11-07 11:06:00-05:00,162.53500366210938,162.5800018310547,162.1699981689453,162.47360229492188,,15345.0
2022-11-07 11:07:00-05:00,162.44500732421875,162.4499969482422,161.97999572753906,161.97999572753906,,21857.0
2022-11-07 11:08:00-05:00,161.89999389648438,162.38999938964844,161.80999755859375,162.2449951171875,,8975.0
2022-11-07 11:09:00-05:00,162.2449951171875,162.49989318847656,162.17999267578125,162.3800048828125,,8448.0
2022-11-07 11:10:00-05:00,162.2899932861328,162.3498992919922,161.92999267578125,161.99000549316406,,8858.0
2022-11-07 11:11:00-05:00,161.9810028076172,162.0,161.77000427246094,161.8800048828125,,6913.0
2022-11-07 11:12:00-05:00,161.90020751953125,162.10000610351562,161.8300018310547,162.02149963378906,,8464.0
2022-11-07 11:13:00-05:00,162.02999877929688,162.25999450683594,162.02999877929688,162.07000732421875,,7837.0
2022-11-07 11:14:00-05:00,162.0,162.2888946533203,162.0,162.13499450683594,,8638.0
2022-11-07 11:15:00-05:00,162.1300048828125,162.3800048828125,162.05999755859375,162.32000732421875,,7971.0
2022-11-07 11:16:00-05:00,162.3000030517578,162.41000366210938,162.22999572753906,162.27000427246094,,8035.0
2022-11-07 11:17:00-05:00,162.3699951171875,162.47999572753906,162.1699981689453,162.17999267578125,,13893.0
2022-11-07 11:18:00-05:00,162.1999969482422,162.1999969482422,161.96499633789062,162.0399932861328,,7479.0
2022-11-07 11:19:00-05:00,161.94000244140625,161.97500610351562,161.5,161.7449951171875,,15629.0
2022-11-07 11:20:00-05:00,161.65640258789062,162.00990295410156,161.64999389648438,162.00990295410156,,15958.0
2022-11-07 11:21:00-05:00,161.86000061035156,161.97999572753906,161.75999450683594,161.97999572753906,,4866.0
2022-11-07 11:22:00-05:00,161.91110229492188,162.07000732421875,161.83999633789062,161.85000610351562,,6078.0
2022-11-07 11:23:00-05:00,161.97999572753906,162.1199951171875,161.9600067138672,162.1199951171875,,3722.0
2022-11-07 11:24:00-05:00,162.07000732421875,162.3000030517578,162.02000427246094,162.22999572753906,,16314.0
2022-11-07 11:25:00-05:00,162.2899932861328,162.2899932861328,161.3699951171875,161.4342041015625,,13180.0
2022-11-07 11:26:00-05:00,161.4199981689453,161.6300048828125,161.25,161.39999389648438,,7554.0
2022-11-07 11:27:00-05:00,161.5800018310547,162.14999389648438,161.5800018310547,162.14999389648438,,6921.0
2022-11-07 11:28:00-05:00,162.02000427246094,162.0247039794922,161.7100067138672,161.97000122070312,,5696.0
2022-11-07 11:29:00-05:00,161.88999938964844,162.11819458007812,161.88999938964844,162.0500030517578,,6430.0
2022-11-07 11:30:00-05:00,162.03729248046875,162.2100067138672,161.99000549316406,162.1199951171875,,3851.0
2022-11-07 11:31:00-05:00,162.1300048828125,162.19000244140625,162.0399932861328,162.14999389648438,,10663.0
2022-11-07 11:32:00-05:00,162.16000366210938,162.25,162.09010314941406,162.22000122070312,,7056.0
2022-11-07 11:33:00-05:00,162.1199951171875,162.1199951171875,161.85000610351562,161.9499969482422,,9398.0
2022-11-07 11:34:00-05:00,161.8000030517578,162.2698974609375,161.79010009765625,162.14999389648438,,7396.0
2022-11-07 11:35:00-05:00,162.14999389648438,162.22000122070312,162.00999450683594,162.08999633789062,,6606.0
2022-11-07 11:36:00-05:00,162.06370544433594,162.11000061035156,161.91000366210938,162.02499389648438,,5915.0
2022-11-07 11:37:00-05:00,161.6999969482422,161.7191925048828,161.5800018310547,161.5800018310547,,2604.0
2022-11-07 11:38:00-05:00,161.72999572753906,161.91000366210938,161.66000366210938,161.91000366210938,,4374.0
2022-11-07 11:39:00-05:00,161.91000366210938,161.91000366210938,161.80999755859375,161.82000732421875,,1406.0
2022-11-07 11:40:00-05:00,161.41000366210938,161.5299072265625,161.17999267578125,161.17999267578125,,10328.0
2022-11-07 11:41:00-05:00,161.25,161.2899932861328,160.80999755859375,160.86000061035156,,8451.0
2022-11-07 11:42:00-05:00,160.99000549316406,161.19000244140625,160.8699951171875,161.17640686035156,,5183.0
2022-11-07 11:43:00-05:00,161.14999389648438,161.26499938964844,161.03500366210938,161.26499938964844,,4134.0
2022-11-07 11:44:00-05:00,161.30499267578125,161.3699951171875,161.22000122070312,161.3000030517578,,2778.0
2022-11-07 11:45:00-05:00,161.30999755859375,161.72999572753906,161.30999755859375,161.56500244140625,,7327.0
2022-11-07 11:46:00-05:00,161.50999450683594,161.69000244140625,161.50999450683594,161.69000244140625,,3199.0
2022-11-07 11:47:00-05:00,161.69500732421875,161.8614959716797,161.63999938964844,161.69000244140625,,16731.0
2022-11-07 11:48:00-05:00,161.77999877929688,161.77999877929688,161.32640075683594,161.33999633789062,,11111.0
2022-11-07 11:49:00-05:00,161.36000061035156,161.72500610351562,161.36000061035156,161.72500610351562,,3632.0
2022-11-07 11:50:00-05:00,161.77499389648438,161.8699951171875,161.67999267578125,161.8000030517578,,7343.0
2022-11-07 11:51:00-05:00,161.8350067138672,162.08779907226562,161.75999450683594,162.08779907226562,,6208.0
2022-11-07 11:52:00-05:00,162.0,162.0251007080078,161.80999755859375,161.8813018798828,,10364.0
2022-11-07 11:53:00-05:00,161.89999389648438,161.89999389648438,161.74000549316406,161.7899932861328,,4462.0
2022-11-07 11:54:00-05:00,161.7899932861328,161.91000366210938,161.72000122070312,161.8699951171875,,5945.0
2022-11-07 11:55:00-05:00,161.92999267578125,161.94000244140625,161.6800994873047,161.6800994873047,,6053.0
2022-11-07 11:56:00-05:00,161.67999267578125,161.69000244140625,161.3000030517578,161.35000610351562,,3642.0
2022-11-07 11:57:00-05:00,161.33999633789062,161.3802947998047,161.20010375976562,161.35989379882812,,3488.0
2022-11-07 11:58:00-05:00,161.2899932861328,161.50999450683594,161.2899932861328,161.44749450683594,,8745.0
2022-11-07 11:59:00-05:00,161.50999450683594,161.50999450683594,161.17999267578125,161.22999572753906,,4858.0
2022-11-07 12:00:00-05:00,161.22000122070312,161.3000030517578,161.1199951171875,161.1199951171875,,7314.0
2022-11-07 12:01:00-05:00,161.07000732421875,161.10000610351562,160.75,160.8632049560547,,10873.0
2022-11-07 12:02:00-05:00,160.94000244140625,161.27000427246094,160.92999267578125,161.1699981689453,,3978.0
2022-11-07 12:03:00-05:00,161.1300048828125,161.3800048828125,161.1300048828125,161.3800048828125,,3807.0
2022-11-07 12:04:00-05:00,161.4261932373047,161.4261932373047,161.25,161.26499938964844,,4210.0
2022-11-07 12:06:00-05:00,161.25999450683594,161.38999938964844,161.1999969482422,161.32000732421875,,14903.0
2022-11-07 12:07:00-05:00,161.2100067138672,161.72000122070312,161.17999267578125,161.55999755859375,,24718.0
2022-11-07 12:08:00-05:00,161.55999755859375,161.65069580078125,161.4600067138672,161.4600067138672,,2333.0
2022-11-07 12:09:00-05:00,161.44000244140625,161.5800018310547,161.35000610351562,161.5800018310547,,6378.0
2022-11-07 12:10:00-05:00,161.5050048828125,161.63999938964844,161.47999572753906,161.5800018310547,,4436.0
2022-11-07 12:11:00-05:00,161.68499755859375,161.72000122070312,161.4499969482422,161.52999877929688,,4338.0
2022-11-07 12:12:00-05:00,161.58999633789062,161.75,161.58999633789062,161.7100067138672,,5730.0
2022-11-07 12:13:00-05:00,161.74000549316406,161.939697265625,161.60000610351562,161.77000427246094,,5699.0
2022-11-07 12:14:00-05:00,161.79510498046875,161.8000030517578,161.52000427246094,161.60000610351562,,4670.0
2022-11-07 12:15:00-05:00,161.64999389648438,161.80999755859375,161.61000061035156,161.7899932861328,,5103.0
2022-11-07 12:16:00-05:00,161.66000366210938,161.80999755859375,161.66000366210938,161.7100067138672,,4509.0
2022-11-07 12:17:00-05:00,161.6699981689453,161.77999877929688,161.66000366210938,161.77999877929688,,3033.0
2022-11-07 12:18:00-05:00,161.77999877929688,162.0,161.77999877929688,161.89990234375,,5255.0
2022-11-07 12:19:00-05:00,161.89950561523438,162.0,161.89950561523438,161.89999389648438,,4513.0
2022-11-07 12:20:00-05:00,161.85000610351562,162.08999633789062,161.76669311523438,161.98500061035156,,6162.0
2022-11-07 12:21:00-05:00,162.08999633789062,162.3300018310547,162.0800018310547,162.30999755859375,,8550.0
2022-11-07 12:22:00-05:00,162.32000732421875,162.32000732421875,162.07000732421875,162.13499450683594,,4012.0
2022-11-07 12:23:00-05:00,162.06500244140625,162.2449951171875,162.05999755859375,162.2449951171875,,2754.0
2022-11-07 12:24:00-05:00,162.2899932861328,162.44000244140625,162.24009704589844,162.44000244140625,,2983.0
2022-11-07 12:25:00-05:00,162.5,162.64999389648438,162.44000244140625,162.5166015625,,9791.0
2022-11-07 12:26:00-05:00,162.47059631347656,162.5800018310547,162.4499969482422,162.52999877929688,,4553.0
2022-11-07 12:27:00-05:00,162.4801025390625,162.8524932861328,162.4801025390625,162.76499938964844,,18809.0
2022-11-07 12:28:00-05:00,162.67999267578125,162.77000427246094,161.97999572753906,162.11500549316406,,44460.0
2022-11-07 12:29:00-05:00,162.08999633789062,162.47000122070312,162.08999633789062,162.368896484375,,5765.0
2022-11-07 12:30:00-05:00,162.34010314941406,162.4250030517578,162.34010314941406,162.4250030517578,,1089.0
2022-11-07 12:31:00-05:00,162.4600067138672,162.6699981689453,162.44000244140625,162.6199951171875,,6832.0
2022-11-07 12:32:00-05:00,162.6699981689453,162.6699981689453,162.52999877929688,162.52999877929688,,2864.0
2022-11-07 12:33:00-05:00,162.58999633789062,162.625,162.5399932861328,162.5399932861328,,4925.0
2022-11-07 12:34:00-05:00,162.5677032470703,162.5677032470703,162.3762969970703,162.4199981689453,,4643.0
2022-11-07 12:35:00-05:00,162.4550018310547,162.61000061035156,162.39999389648438,162.61000061035156,,4726.0
2022-11-07 12:36:00-05:00,162.69000244140625,162.7440948486328,162.60000610351562,162.60000610351562,,2757.0
2022-11-07 12:37:00-05:00,162.55999755859375,162.55999755859375,162.30999755859375,162.30999755859375,,3443.0
2022-11-07 12:38:00-05:00,162.41000366210938,162.47999572753906,162.36500549316406,162.36500549316406,,4003.0
2022-11-07 12:39:00-05:00,162.39500427246094,162.39500427246094,162.32000732421875,162.33920288085938,,978.0
2022-11-07 12:40:00-05:00,162.11500549316406,162.3199005126953,162.11500549316406,162.2100067138672,,14531.0
2022-11-07 12:41:00-05:00,162.0749969482422,162.08200073242188,162.0,162.02999877929688,,4259.0
2022-11-07 12:42:00-05:00,162.00999450683594,162.05999755859375,161.84500122070312,161.90499877929688,,3362.0
2022-11-07 12:43:00-05:00,161.93499755859375,161.9499053955078,161.74009704589844,161.79580688476562,,3461.0
2022-11-07 12:44:00-05:00,161.74000549316406,161.8300018310547,161.74000549316406,161.8300018310547,,4393.0
2022-11-07 12:45:00-05:00,161.75999450683594,161.7899932861328,161.66000366210938,161.66000366210938,,3494.0
2022-11-07 12:46:00-05:00,161.67999267578125,161.9199981689453,161.66000366210938,161.8000030517578,,3428.0
2022-11-07 12:47:00-05:00,161.875,161.9199981689453,161.8000030517578,161.82679748535156,,3713.0
2022-11-07 12:48:00-05:00,161.77000427246094,161.77000427246094,161.52000427246094,161.52000427246094,,3688.0
2022-11-07 12:49:00-05:00,161.59500122070312,161.6999969482422,161.58999633789062,161.6999969482422,,1598.0
2022-11-07 12:50:00-05:00,161.63999938964844,161.64500427246094,161.5,161.52999877929688,,3596.0
2022-11-07 12:51:00-05:00,161.52000427246094,161.77999877929688,161.47999572753906,161.6300048828125,,5145.0
2022-11-07 12:52:00-05:00,161.5800018310547,161.75,161.5800018310547,161.67999267578125,,3199.0
2022-11-07 12:53:00-05:00,161.6732940673828,161.6732940673828,161.32000732421875,161.44500732421875,,3392.0
2022-11-07 12:54:00-05:00,161.5,161.57000732421875,161.36000061035156,161.36000061035156,,5527.0
2022-11-07 12:55:00-05:00,161.38999938964844,161.39999389648438,161.24000549316406,161.3155975341797,,4117.0
2022-11-07 12:56:00-05:00,161.3800048828125,161.48989868164062,161.3000946044922,161.42999267578125,,2192.0
2022-11-07 12:57:00-05:00,161.42999267578125,161.47999572753906,161.42999267578125,161.47999572753906,,1294.0
2022-11-07 12:58:00-05:00,161.38999938964844,161.38999938964844,161.35000610351562,161.36509704589844,,3400.0
2022-11-07 12:59:00-05:00,161.3800048828125,161.47500610351562,161.2899932861328,161.30960083007812,,7457.0
2022-11-07 13:00:00-05:00,161.3300018310547,161.47500610351562,161.3300018310547,161.4199981689453,,2717.0
2022-11-07 13:01:00-05:00,161.49000549316406,161.68899536132812,161.49000549316406,161.68899536132812,,4019.0
2022-11-07 13:02:00-05:00,161.59669494628906,161.63670349121094,161.59669494628906,161.63670349121094,,1131.0
2022-11-07 13:03:00-05:00,161.5800018310547,161.72999572753906,161.5399932861328,161.5399932861328,,7523.0
2022-11-07 13:04:00-05:00,161.52000427246094,161.64999389648438,161.52000427246094,161.59890747070312,,1758.0
2022-11-07 13:05:00-05:00,161.564697265625,161.65499877929688,161.52999877929688,161.57530212402344,,5285.0
2022-11-07 13:06:00-05:00,161.52000427246094,161.63609313964844,161.4199981689453,161.63609313964844,,4703.0
2022-11-07 13:07:00-05:00,161.64500427246094,161.64500427246094,161.60000610351562,161.60000610351562,,392.0
2022-11-07 13:08:00-05:00,161.6699981689453,161.68829345703125,161.62210083007812,161.62210083007812,,3137.0
2022-11-07 13:09:00-05:00,161.61500549316406,161.66990661621094,161.539306640625,161.57000732421875,,4767.0
2022-11-07 13:10:00-05:00,161.55999755859375,161.64999389648438,161.52000427246094,161.61000061035156,,4027.0
2022-11-07 13:11:00-05:00,161.5500030517578,161.60000610351562,161.52239990234375,161.60000610351562,,1069.0
2022-11-07 13:12:00-05:00,161.60000610351562,161.75,161.60000610351562,161.64999389648438,,8176.0
2022-11-07 13:13:00-05:00,161.6029052734375,161.64999389648438,161.4550018310547,161.55999755859375,,7268.0
2022-11-07 13:14:00-05:00,161.5050048828125,161.61500549316406,161.5050048828125,161.61500549316406,,1635.0
2022-11-07 13:15:00-05:00,161.60000610351562,161.60000610351562,161.57000732421875,161.5800018310547,,1510.0
2022-11-07 13:16:00-05:00,161.5500030517578,161.5500030517578,161.47999572753906,161.5,,3333.0
2022-11-07 13:17:00-05:00,161.5,161.52499389648438,161.36500549316406,161.36500549316406,,3324.0
2022-11-07 13:18:00-05:00,161.3699951171875,161.47000122070312,161.3300018310547,161.39999389648438,,1810.0
2022-11-07 13:19:00-05:00,161.52999877929688,161.5800018310547,161.52999877929688,161.5449981689453,,924.0
2022-11-07 13:20:00-05:00,161.5449981689453,161.5449981689453,161.33999633789062,161.33999633789062,,2822.0
2022-11-07 13:21:00-05:00,161.33999633789062,161.33999633789062,161.3000030517578,161.32859802246094,,2110.0
2022-11-07 13:22:00-05:00,161.3699951171875,161.47000122070312,161.3699951171875,161.4199981689453,,1377.0
2022-11-07 13:23:00-05:00,161.39999389648438,161.5,161.39999389648438,161.48500061035156,,5289.0
2022-11-07 13:24:00-05:00,161.47999572753906,161.5399932861328,161.47999572753906,161.51870727539062,,3167.0
2022-11-07 13:25:00-05:00,161.47000122070312,161.50999450683594,161.41000366210938,161.41000366210938,,4486.0
2022-11-07 13:26:00-05:00,161.4199981689453,161.4199981689453,161.27999877929688,161.38999938964844,,3508.0
2022-11-07 13:27:00-05:00,161.4149932861328,161.87989807128906,161.4149932861328,161.72500610351562,,10047.0
2022-11-07 13:28:00-05:00,161.66000366210938,161.8800048828125,161.66000366210938,161.8800048828125,,15236.0
2022-11-07 13:29:00-05:00,161.9499969482422,162.1750030517578,161.77999877929688,162.1699981689453,,21434.0
2022-11-07 13:30:00-05:00,162.11929321289062,162.1696014404297,162.07000732421875,162.125,,4212.0
2022-11-07 13:31:00-05:00,162.13070678710938,162.13070678710938,161.9499969482422,162.01890563964844,,3631.0
2022-11-07 13:32:00-05:00,161.9949951171875,162.0500030517578,161.9949951171875,162.0,,2173.0
2022-11-07 13:33:00-05:00,162.1699981689453,162.49000549316406,162.1300048828125,162.39849853515625,,11758.0
2022-11-07 13:34:00-05:00,162.39999389648438,162.40499877929688,162.17999267578125,162.17999267578125,,5149.0
2022-11-07 13:35:00-05:00,162.22999572753906,162.26800537109375,162.16000366210938,162.1750030517578,,6226.0
2022-11-07 13:36:00-05:00,162.17999267578125,162.24000549316406,162.13009643554688,162.14999389648438,,3169.0
2022-11-07 13:37:00-05:00,162.13999938964844,162.24209594726562,162.1199951171875,162.1300048828125,,13276.0
2022-11-07 13:38:00-05:00,162.13999938964844,162.14999389648438,162.13999938964844,162.14999389648438,,892.0
2022-11-07 13:39:00-05:00,162.35000610351562,162.42999267578125,162.3300018310547,162.3300018310547,,8943.0
2022-11-07 13:40:00-05:00,162.3800048828125,162.3800048828125,162.3800048828125,162.3800048828125,,407.0
2022-11-07 13:41:00-05:00,162.47900390625,162.47900390625,162.47900390625,162.47900390625,,3325.0
2022-11-07 13:42:00-05:00,162.42239379882812,162.66000366210938,162.42239379882812,162.66000366210938,,3205.0
2022-11-07 13:43:00-05:00,162.6199951171875,162.6300048828125,162.4199981689453,162.4199981689453,,7530.0
2022-11-07 13:44:00-05:00,162.39500427246094,162.64999389648438,162.39500427246094,162.64999389648438,,5761.0
2022-11-07 13:45:00-05:00,162.61000061035156,162.69000244140625,162.5500030517578,162.5500030517578,,3264.0
2022-11-07 13:46:00-05:00,162.57000732421875,162.57000732421875,162.38999938964844,162.38999938964844,,2682.0
2022-11-07 13:47:00-05:00,162.36000061035156,162.44000244140625,162.2100067138672,162.3000030517578,,4602.0
2022-11-07 13:48:00-05:00,162.22000122070312,162.3000030517578,162.2100067138672,162.2100067138672,,4838.0
2022-11-07 13:49:00-05:00,162.18099975585938,162.22999572753906,162.17999267578125,162.22500610351562,,2371.0
2022-11-07 13:50:00-05:00,162.19000244140625,162.25,162.19000244140625,162.1999969482422,,5292.0
2022-11-07 13:51:00-05:00,162.22999572753906,162.22999572753906,162.04010009765625,162.05999755859375,,4642.0
2022-11-07 13:52:00-05:00,162.05999755859375,162.19000244140625,162.02999877929688,162.19000244140625,,5852.0
2022-11-07 13:53:00-05:00,162.24000549316406,162.25,162.15499877929688,162.22500610351562,,3028.0
2022-11-07 13:54:00-05:00,162.24000549316406,162.375,162.24000549316406,162.30999755859375,,1684.0
2022-11-07 13:55:00-05:00,162.4199981689453,162.4199981689453,162.32000732421875,162.35499572753906,,2219.0
2022-11-07 13:56:00-05:00,162.35000610351562,162.55780029296875,162.3000030517578,162.55780029296875,,8620.0
2022-11-07 13:57:00-05:00,162.52000427246094,162.77999877929688,162.52000427246094,162.7100067138672,,8853.0
2022-11-07 13:58:00-05:00,162.7100067138672,162.72999572753906,162.63999938964844,162.64999389648438,,7200.0
2022-11-07 13:59:00-05:00,162.7100067138672,162.94000244140625,162.6699981689453,162.94000244140625,,6797.0
2022-11-07 14:00:00-05:00,162.92880249023438,163.0,162.8699951171875,163.0,,15211.0
2022-11-07 14:01:00-05:00,163.0,163.25,163.0,163.14999389648438,,8660.0
2022-11-07 14:02:00-05:00,163.1999969482422,163.40020751953125,163.19000244140625,163.27000427246094,,6814.0
2022-11-07 14:03:00-05:00,163.1999969482422,163.36000061035156,163.1999969482422,163.2635955810547,,4705.0
2022-11-07 14:04:00-05:00,163.25010681152344,163.3300018310547,163.22000122070312,163.30189514160156,,4069.0
2022-11-07 14:05:00-05:00,163.3300018310547,163.3699951171875,163.2899932861328,163.3300018310547,,4946.0
2022-11-07 14:06:00-05:00,163.3300018310547,163.3907012939453,163.32000732421875,163.3300018310547,,6009.0
2022-11-07 14:07:00-05:00,163.30999755859375,163.3300018310547,163.1999969482422,163.2899932861328,,4009.0
2022-11-07 14:08:00-05:00,163.2449951171875,163.2949981689453,163.22999572753906,163.22999572753906,,2124.0
2022-11-07 14:09:00-05:00,163.28500366210938,163.49000549316406,163.28500366210938,163.4665069580078,,10448.0
2022-11-07 14:10:00-05:00,163.44000244140625,163.5399932861328,163.3699951171875,163.5,,9999.0
2022-11-07 14:11:00-05:00,163.49000549316406,163.60000610351562,163.49000549316406,163.52999877929688,,8856.0
2022-11-07 14:12:00-05:00,163.61000061035156,163.61000061035156,163.4600067138672,163.5,,3435.0
2022-11-07 14:13:00-05:00,163.55999755859375,163.6300048828125,163.4499969482422,163.58999633789062,,8725.0
2022-11-07 14:14:00-05:00,163.64999389648438,163.64999389648438,163.55999755859375,163.55999755859375,,4508.0
2022-11-07 14:15:00-05:00,163.60000610351562,163.80999755859375,163.5399932861328,163.75,,11579.0
2022-11-07 14:16:00-05:00,163.75999450683594,163.85000610351562,163.72999572753906,163.7550048828125,,10133.0
2022-11-07 14:17:00-05:00,163.8000030517578,163.85000610351562,163.76719665527344,163.8000030517578,,4018.0
2022-11-07 14:18:00-05:00,163.8300018310547,163.88999938964844,163.8000946044922,163.8300018310547,,10129.0
2022-11-07 14:19:00-05:00,163.88999938964844,163.88999938964844,163.67999267578125,163.77499389648438,,11323.0
2022-11-07 14:20:00-05:00,163.6699981689453,163.6699981689453,163.4600067138672,163.4600067138672,,5503.0
2022-11-07 14:21:00-05:00,163.47999572753906,163.6300048828125,163.47999572753906,163.5991973876953,,3932.0
2022-11-07 14:22:00-05:00,163.50999450683594,163.66000366210938,163.50999450683594,163.6199951171875,,2429.0
2022-11-07 14:23:00-05:00,163.61000061035156,163.7100067138672,163.58999633789062,163.58999633789062,,2360.0
2022-11-07 14:24:00-05:00,163.64500427246094,163.72000122070312,163.62010192871094,163.62010192871094,,3986.0
2022-11-07 14:25:00-05:00,163.64999389648438,163.64999389648438,163.39999389648438,163.41000366210938,,7431.0
2022-11-07 14:26:00-05:00,163.3699951171875,163.5,163.36000061035156,163.42999267578125,,3908.0
2022-11-07 14:27:00-05:00,163.5,163.57000732421875,163.4499969482422,163.4499969482422,,1951.0
2022-11-07 14:28:00-05:00,163.55999755859375,163.60000610351562,163.47999572753906,163.51499938964844,,4148.0
2022-11-07 14:29:00-05:00,163.5399932861328,163.58839416503906,163.53500366210938,163.58839416503906,,758.0
2022-11-07 14:30:00-05:00,163.3800048828125,163.40499877929688,163.30999755859375,163.39999389648438,,4864.0
2022-11-07 14:31:00-05:00,163.33999633789062,163.52999877929688,163.33999633789062,163.49000549316406,,2936.0
2022-11-07 14:32:00-05:00,163.4199981689453,163.49989318847656,163.4040069580078,163.42999267578125,,3208.0
2022-11-07 14:33:00-05:00,163.52999877929688,163.52999877929688,163.41000366210938,163.41000366210938,,3075.0
2022-11-07 14:34:00-05:00,163.4600067138672,163.5,163.44000244140625,163.47000122070312,,2367.0
2022-11-07 14:35:00-05:00,163.49000549316406,163.5,163.2819061279297,163.2819061279297,,9436.0
2022-11-07 14:36:00-05:00,163.30999755859375,163.36000061035156,163.0800018310547,163.36000061035156,,18205.0
2022-11-07 14:37:00-05:00,163.32000732421875,163.4499969482422,163.3000030517578,163.44000244140625,,1374.0
2022-11-07 14:38:00-05:00,163.375,163.58309936523438,163.30999755859375,163.57009887695312,,3534.0
2022-11-07 14:39:00-05:00,163.5,163.58999633789062,163.5,163.58999633789062,,2570.0
2022-11-07 14:40:00-05:00,163.49000549316406,163.60000610351562,163.39999389648438,163.47000122070312,,6557.0
2022-11-07 14:41:00-05:00,163.5718994140625,163.5718994140625,163.44000244140625,163.4600067138672,,3135.0
2022-11-07 14:42:00-05:00,163.5,163.60000610351562,163.4199981689453,163.55999755859375,,11181.0
2022-11-07 14:43:00-05:00,163.52000427246094,163.5399932861328,163.4199981689453,163.5399932861328,,8449.0
2022-11-07 14:44:00-05:00,163.52999877929688,163.80999755859375,163.5,163.72999572753906,,8308.0
2022-11-07 14:45:00-05:00,163.7550048828125,163.88999938964844,163.74000549316406,163.84500122070312,,9649.0
2022-11-07 14:46:00-05:00,163.81849670410156,164.13999938964844,163.81849670410156,163.98399353027344,,28988.0
2022-11-07 14:47:00-05:00,164.0,164.0800018310547,163.88999938964844,163.9949951171875,,9485.0
2022-11-07 14:48:00-05:00,164.0399932861328,164.0500030517578,163.75030517578125,163.8300018310547,,24665.0
2022-11-07 14:49:00-05:00,163.80999755859375,164.02999877929688,163.77000427246094,164.02999877929688,,6145.0
2022-11-07 14:50:00-05:00,163.99000549316406,164.10000610351562,163.9199981689453,164.10000610351562,,3536.0
2022-11-07 14:51:00-05:00,164.13999938964844,164.35000610351562,164.08999633789062,164.28500366210938,,5086.0
2022-11-07 14:52:00-05:00,164.3300018310547,164.3300018310547,164.13999938964844,164.1699981689453,,5343.0
2022-11-07 14:53:00-05:00,164.22000122070312,164.48989868164062,164.1699981689453,164.36000061035156,,11784.0
2022-11-07 14:54:00-05:00,164.4199981689453,164.4199981689453,164.0,164.10499572753906,,8964.0
2022-11-07 14:55:00-05:00,164.16000366210938,164.16000366210938,164.0500030517578,164.125,,3375.0
2022-11-07 14:56:00-05:00,164.1248016357422,164.13999938964844,163.89999389648438,163.9600067138672,,10359.0
2022-11-07 14:57:00-05:00,163.92999267578125,164.11000061035156,163.92999267578125,164.05999755859375,,5129.0
2022-11-07 14:58:00-05:00,164.10000610351562,164.30929565429688,163.99000549316406,163.99000549316406,,11448.0
2022-11-07 14:59:00-05:00,163.9600067138672,164.13999938964844,163.94500732421875,164.05499267578125,,11405.0
2022-11-07 15:00:00-05:00,164.13999938964844,164.14999389648438,164.02630615234375,164.08999633789062,,8679.0
2022-11-07 15:01:00-05:00,164.1300048828125,164.42709350585938,164.05239868164062,164.42709350585938,,5675.0
2022-11-07 15:02:00-05:00,164.38999938964844,164.50999450683594,164.36000061035156,164.4550018310547,,11568.0
2022-11-07 15:03:00-05:00,164.4199981689453,164.64999389648438,164.3614959716797,164.62890625,,9403.0
2022-11-07 15:04:00-05:00,164.57000732421875,164.64999389648438,164.55999755859375,164.5800018310547,,7706.0
2022-11-07 15:05:00-05:00,164.57229614257812,164.72000122070312,164.57229614257812,164.67999267578125,,6304.0
2022-11-07 15:06:00-05:00,164.7100067138672,164.74029541015625,164.5,164.55499267578125,,11653.0
2022-11-07 15:07:00-05:00,164.6300048828125,164.69749450683594,164.57000732421875,164.625,,4119.0
2022-11-07 15:08:00-05:00,164.5930938720703,164.63999938964844,164.52999877929688,164.60000610351562,,5224.0
2022-11-07 15:09:00-05:00,164.5800018310547,164.82850646972656,164.55999755859375,164.82850646972656,,9979.0
2022-11-07 15:10:00-05:00,164.78500366210938,164.82000732421875,164.64999389648438,164.74000549316406,,5287.0
2022-11-07 15:11:00-05:00,164.72000122070312,164.83009338378906,164.60009765625,164.63499450683594,,14296.0
2022-11-07 15:12:00-05:00,164.66000366210938,164.72000122070312,164.61000061035156,164.6112060546875,,5341.0
2022-11-07 15:13:00-05:00,164.2899932861328,164.3800048828125,164.2899932861328,164.3800048828125,,12601.0
2022-11-07 15:14:00-05:00,164.42999267578125,164.66000366210938,164.41000366210938,164.63999938964844,,6673.0
2022-11-07 15:15:00-05:00,164.64999389648438,164.7467041015625,164.64999389648438,164.72799682617188,,2807.0
2022-11-07 15:16:00-05:00,164.78770446777344,164.78770446777344,164.6999969482422,164.77999877929688,,7292.0
2022-11-07 15:17:00-05:00,164.69000244140625,164.77000427246094,164.6699981689453,164.75,,6074.0
2022-11-07 15:18:00-05:00,164.72999572753906,164.83999633789062,164.72999572753906,164.77499389648438,,12769.0
2022-11-07 15:19:00-05:00,164.7899932861328,164.83999633789062,164.74000549316406,164.74000549316406,,6855.0
2022-11-07 15:20:00-05:00,164.77499389648438,164.77499389648438,164.3699951171875,164.3699951171875,,9647.0
2022-11-07 15:21:00-05:00,164.3800048828125,164.52999877929688,164.34010314941406,164.52999877929688,,5783.0
2022-11-07 15:22:00-05:00,164.60000610351562,164.6699981689453,164.52000427246094,164.63999938964844,,4579.0
2022-11-07 15:23:00-05:00,164.61000061035156,164.74000549316406,164.61000061035156,164.7100067138672,,10813.0
2022-11-07 15:24:00-05:00,164.68499755859375,164.8000030517578,164.64999389648438,164.77000427246094,,7880.0
2022-11-07 15:25:00-05:00,164.77000427246094,164.7899932861328,164.39999389648438,164.4199981689453,,13003.0
2022-11-07 15:26:00-05:00,164.43910217285156,164.5399932861328,164.33009338378906,164.4600067138672,,4821.0
2022-11-07 15:27:00-05:00,164.52999877929688,164.5998992919922,164.46499633789062,164.5,,6041.0
2022-11-07 15:28:00-05:00,164.47000122070312,164.58999633789062,164.44000244140625,164.4499969482422,,8606.0
2022-11-07 15:29:00-05:00,164.49000549316406,164.49000549316406,164.36500549316406,164.4499969482422,,6325.0
2022-11-07 15:30:00-05:00,164.4499969482422,164.5500030517578,164.38999938964844,164.52000427246094,,19169.0
2022-11-07 15:31:00-05:00,164.52000427246094,164.66000366210938,164.52000427246094,164.63999938964844,,9020.0
2022-11-07 15:32:00-05:00,164.64999389648438,164.6699981689453,164.1999969482422,164.25999450683594,,13030.0
2022-11-07 15:33:00-05:00,164.26499938964844,164.4149932861328,164.26499938964844,164.3800048828125,,32886.0
2022-11-07 15:34:00-05:00,164.4199981689453,164.42999267578125,164.3300018310547,164.39999389648438,,9560.0
2022-11-07 15:35:00-05:00,164.39999389648438,164.4499969482422,164.30999755859375,164.43499755859375,,8691.0
2022-11-07 15:36:00-05:00,164.3800048828125,164.39999389648438,164.25999450683594,164.2949981689453,,18867.0
2022-11-07 15:37:00-05:00,164.25999450683594,164.30999755859375,164.1199951171875,164.1199951171875,,10451.0
2022-11-07 15:38:00-05:00,164.15499877929688,164.27999877929688,164.14999389648438,164.22999572753906,,11598.0
2022-11-07 15:39:00-05:00,164.2550048828125,164.25999450683594,164.16000366210938,164.22999572753906,,8732.0
2022-11-07 15:40:00-05:00,164.2449951171875,164.27099609375,164.06500244140625,164.0850067138672,,10176.0
2022-11-07 15:41:00-05:00,164.0850067138672,164.35499572753906,164.0850067138672,164.35499572753906,,22039.0
2022-11-07 15:42:00-05:00,164.3699951171875,164.58990478515625,164.35000610351562,164.52999877929688,,17434.0
2022-11-07 15:43:00-05:00,164.52999877929688,164.52999877929688,164.27999877929688,164.33999633789062,,18420.0
2022-11-07 15:44:00-05:00,164.33999633789062,164.3800048828125,164.2512969970703,164.2949981689453,,17590.0
2022-11-07 15:45:00-05:00,164.2899932861328,164.2899932861328,164.1199951171875,164.25999450683594,,17392.0
2022-11-07 15:46:00-05:00,164.24000549316406,164.27499389648438,164.2187042236328,164.2449951171875,,10829.0
2022-11-07 15:47:00-05:00,164.24000549316406,164.25999450683594,164.13999938964844,164.13999938964844,,12821.0
2022-11-07 15:48:00-05:00,164.13999938964844,164.25,164.0399932861328,164.14999389648438,,14206.0
2022-11-07 15:49:00-05:00,164.13499450683594,164.21800231933594,164.0500030517578,164.10499572753906,,10541.0
2022-11-07 15:50:00-05:00,164.0500030517578,164.11000061035156,163.88999938964844,164.0800018310547,,46048.0
2022-11-07 15:51:00-05:00,164.07000732421875,164.14999389648438,164.00999450683594,164.1300048828125,,22261.0
2022-11-07 15:52:00-05:00,164.1199951171875,164.36000061035156,164.1199951171875,164.32000732421875,,25720.0
2022-11-07 15:53:00-05:00,164.32000732421875,164.3699951171875,164.27000427246094,164.35000610351562,,15227.0
2022-11-07 15:54:00-05:00,164.35000610351562,164.48500061035156,164.3000030517578,164.39999389648438,,44728.0
2022-11-07 15:55:00-05:00,164.36000061035156,164.47000122070312,164.27000427246094,164.4499969482422,,73697.0
2022-11-07 15:56:00-05:00,164.44000244140625,164.4499969482422,164.35000610351562,164.4199981689453,,65292.0
2022-11-07 15:57:00-05:00,164.42999267578125,164.42999267578125,163.8699951171875,164.0500030517578,,46342.0
2022-11-07 15:58:00-05:00,164.0800018310547,164.1699981689453,164.0,164.02000427246094,,51869.0
2022-11-07 15:59:00-05:00,164.02999877929688,164.10000610351562,163.99000549316406,164.0800018310547,,89900.0
2022-11-08 09:30:00-05:00,162.4600067138672,162.64999389648438,159.80999755859375,160.8800048828125,,138141.0
2022-11-08 09:31:00-05:00,160.7449951171875,161.0446014404297,160.11019897460938,160.80999755859375,,22978.0
2022-11-08 09:32:00-05:00,160.5,161.0,159.75,159.85000610351562,,21149.0
2022-11-08 09:33:00-05:00,159.7899932861328,160.52000427246094,159.05999755859375,160.0,,24776.0
2022-11-08 09:34:00-05:00,160.13479614257812,160.57000732421875,159.25999450683594,159.5500030517578,,19906.0
2022-11-08 09:35:00-05:00,159.60000610351562,160.28990173339844,159.39999389648438,159.72999572753906,,33280.0
2022-11-08 09:36:00-05:00,160.0,160.5,159.52999877929688,160.14999389648438,,16016.0
2022-11-08 09:37:00-05:00,159.9199981689453,160.36000061035156,159.8300018310547,159.9600067138672,,18882.0
2022-11-08 09:38:00-05:00,160.07000732421875,161.02999877929688,159.8000030517578,160.8699951171875,,30294.0
2022-11-08 09:39:00-05:00,160.8699951171875,162.49609375,160.8699951171875,162.3800048828125,,27822.0
2022-11-08 09:40:00-05:00,162.51499938964844,162.9600067138672,162.11000061035156,162.60000610351562,,31360.0
2022-11-08 09:41:00-05:00,162.5449981689453,162.89999389648438,162.27000427246094,162.27000427246094,,12086.0
2022-11-08 09:42:00-05:00,162.27499389648438,163.0,162.09860229492188,162.88999938964844,,10673.0
2022-11-08 09:43:00-05:00,163.11000061035156,163.41000366210938,162.77000427246094,163.35000610351562,,8634.0
2022-11-08 09:44:00-05:00,163.35000610351562,164.1300048828125,163.35000610351562,164.1300048828125,,26953.0
2022-11-08 09:45:00-05:00,163.9499969482422,164.07000732421875,163.44000244140625,163.51919555664062,,15463.0
2022-11-08 09:46:00-05:00,163.67999267578125,164.0500030517578,163.49000549316406,163.57000732421875,,19344.0
2022-11-08 09:47:00-05:00,163.6199951171875,164.23989868164062,163.5399932861328,163.88999938964844,,8066.0
2022-11-08 09:48:00-05:00,163.99000549316406,164.22000122070312,163.75,164.07000732421875,,17595.0
2022-11-08 09:49:00-05:00,164.1898956298828,164.1898956298828,163.8699951171875,164.0050048828125,,4969.0
2022-11-08 09:50:00-05:00,164.0800018310547,164.39999389648438,164.0050048828125,164.2100067138672,,14420.0
2022-11-08 09:51:00-05:00,164.27999877929688,164.66000366210938,164.11419677734375,164.66000366210938,,8352.0
2022-11-08 09:52:00-05:00,164.60000610351562,165.0500030517578,164.3300018310547,164.9550018310547,,21718.0
2022-11-08 09:53:00-05:00,165.02589416503906,165.29989624023438,164.8300018310547,164.9499969482422,,19946.0
2022-11-08 09:54:00-05:00,164.9499969482422,165.02499389648438,164.44000244140625,164.47000122070312,,22190.0
2022-11-08 09:55:00-05:00,164.625,164.64599609375,164.05999755859375,164.1925048828125,,12979.0
2022-11-08 09:56:00-05:00,164.25,164.27000427246094,164.0,164.0,,13480.0
2022-11-08 09:57:00-05:00,163.97000122070312,164.24000549316406,163.83999633789062,164.02999877929688,,12506.0
2022-11-08 09:58:00-05:00,163.9228057861328,164.30999755859375,163.9228057861328,164.03160095214844,,9345.0
2022-11-08 09:59:00-05:00,163.9499969482422,163.9499969482422,163.2899932861328,163.4499969482422,,17309.0
2022-11-08 10:00:00-05:00,163.5399932861328,164.1999969482422,163.4199981689453,164.1999969482422,,19498.0
2022-11-08 10:01:00-05:00,163.8800048828125,164.4199981689453,163.83999633789062,164.32000732421875,,9456.0
2022-11-08 10:02:00-05:00,164.38999938964844,164.62730407714844,163.97000122070312,163.97000122070312,,9463.0
2022-11-08 10:03:00-05:00,163.90499877929688,163.91000366210938,163.61000061035156,163.91000366210938,,6155.0
2022-11-08 10:04:00-05:00,164.0,164.16639709472656,163.82000732421875,164.16639709472656,,4398.0
2022-11-08 10:05:00-05:00,164.10000610351562,164.2899932861328,163.98500061035156,164.14340209960938,,7741.0
2022-11-08 10:06:00-05:00,164.3000030517578,164.75,164.3000030517578,164.52999877929688,,7801.0
2022-11-08 10:07:00-05:00,164.55999755859375,164.6999969482422,164.44000244140625,164.460693359375,,7136.0
2022-11-08 10:08:00-05:00,164.71080017089844,164.71080017089844,164.17999267578125,164.26809692382812,,9706.0
2022-11-08 10:09:00-05:00,164.3300018310547,164.5500030517578,164.30999755859375,164.5,,3446.0
2022-11-08 10:10:00-05:00,164.4499969482422,164.7100067138672,164.3625030517578,164.5500030517578,,7275.0
2022-11-08 10:11:00-05:00,164.54249572753906,164.78990173339844,164.22000122070312,164.78990173339844,,5404.0
2022-11-08 10:12:00-05:00,164.64999389648438,165.1699981689453,164.5500030517578,165.1699981689453,,20286.0
2022-11-08 10:13:00-05:00,165.09759521484375,165.4499969482422,164.97999572753906,165.1475067138672,,15302.0
2022-11-08 10:14:00-05:00,165.13999938964844,165.82000732421875,165.13999938964844,165.55999755859375,,18139.0
2022-11-08 10:15:00-05:00,165.6999053955078,165.6999969482422,164.97000122070312,165.11000061035156,,17196.0
2022-11-08 10:16:00-05:00,165.1699981689453,165.61000061035156,165.08880615234375,165.36500549316406,,18247.0
2022-11-08 10:17:00-05:00,165.25999450683594,165.41000366210938,165.1699981689453,165.25,,6243.0
2022-11-08 10:18:00-05:00,165.36000061035156,165.58999633789062,165.30999755859375,165.42999267578125,,10180.0
2022-11-08 10:19:00-05:00,165.61929321289062,165.61929321289062,165.36419677734375,165.375,,5469.0
2022-11-08 10:20:00-05:00,165.27000427246094,165.5,165.27000427246094,165.5,,3124.0
2022-11-08 10:21:00-05:00,165.5,165.65989685058594,165.4499969482422,165.4600067138672,,6537.0
2022-11-08 10:22:00-05:00,165.3303985595703,165.44000244140625,164.63999938964844,164.63999938964844,,9683.0
2022-11-08 10:23:00-05:00,164.7209930419922,164.7209930419922,164.32000732421875,164.5399932861328,,11115.0
2022-11-08 10:24:00-05:00,164.4600067138672,164.60000610351562,164.2301025390625,164.32000732421875,,8951.0
2022-11-08 10:25:00-05:00,164.24000549316406,164.75999450683594,164.24000549316406,164.61000061035156,,6349.0
2022-11-08 10:26:00-05:00,164.5800018310547,164.5800018310547,164.14010620117188,164.24000549316406,,4690.0
2022-11-08 10:27:00-05:00,164.27999877929688,164.5500030517578,164.27999877929688,164.49000549316406,,4612.0
2022-11-08 10:28:00-05:00,164.5,164.77000427246094,164.5,164.77000427246094,,6087.0
2022-11-08 10:29:00-05:00,164.8751983642578,164.8751983642578,164.33009338378906,164.33009338378906,,4012.0
2022-11-08 10:30:00-05:00,164.4600067138672,164.8000030517578,164.3300018310547,164.7100067138672,,6702.0
2022-11-08 10:31:00-05:00,164.67999267578125,164.68499755859375,164.57000732421875,164.57000732421875,,911.0
2022-11-08 10:32:00-05:00,164.6757049560547,164.8300018310547,164.6757049560547,164.7545928955078,,7168.0
2022-11-08 10:33:00-05:00,164.75,164.92999267578125,164.66000366210938,164.7899932861328,,4151.0
2022-11-08 10:34:00-05:00,164.74000549316406,165.27000427246094,164.74000549316406,165.11000061035156,,9888.0
2022-11-08 10:35:00-05:00,165.11500549316406,165.22999572753906,164.9499969482422,165.0207977294922,,5317.0
2022-11-08 10:36:00-05:00,164.9499969482422,165.02999877929688,164.72999572753906,164.74000549316406,,5540.0
2022-11-08 10:37:00-05:00,164.89999389648438,164.89999389648438,164.47000122070312,164.47000122070312,,5720.0
2022-11-08 10:38:00-05:00,164.4700927734375,164.6699981689453,164.42999267578125,164.66000366210938,,4243.0
2022-11-08 10:39:00-05:00,164.5800018310547,164.69000244140625,164.1699981689453,164.36000061035156,,9063.0
2022-11-08 10:40:00-05:00,164.35000610351562,164.44000244140625,163.8000030517578,164.0,,16429.0
2022-11-08 10:41:00-05:00,164.03500366210938,164.12989807128906,163.72999572753906,163.7899932861328,,4046.0
2022-11-08 10:42:00-05:00,163.88999938964844,163.97999572753906,163.6999969482422,163.8300018310547,,7976.0
2022-11-08 10:43:00-05:00,163.72000122070312,164.02999877929688,163.69000244140625,164.02999877929688,,8267.0
2022-11-08 10:44:00-05:00,164.02999877929688,164.14999389648438,164.02999877929688,164.05560302734375,,3547.0
2022-11-08 10:45:00-05:00,164.08999633789062,164.1199951171875,163.9199981689453,163.9199981689453,,6246.0
2022-11-08 10:46:00-05:00,164.0,164.0399932861328,163.58999633789062,163.8699951171875,,10886.0
2022-11-08 10:47:00-05:00,163.91810607910156,164.05999755859375,163.8800048828125,163.9499969482422,,4128.0
2022-11-08 10:48:00-05:00,163.9499969482422,163.96209716796875,163.77999877929688,163.85499572753906,,5005.0
2022-11-08 10:49:00-05:00,163.77000427246094,163.96580505371094,163.6999969482422,163.89419555664062,,4801.0
2022-11-08 10:50:00-05:00,163.9199981689453,164.30999755859375,163.8699951171875,164.10499572753906,,16278.0
2022-11-08 10:51:00-05:00,164.10499572753906,164.25999450683594,164.10499572753906,164.1199951171875,,4402.0
2022-11-08 10:52:00-05:00,164.1999969482422,164.47000122070312,164.14999389648438,164.4561004638672,,8873.0
2022-11-08 10:53:00-05:00,164.32000732421875,164.35000610351562,164.22999572753906,164.32000732421875,,2056.0
2022-11-08 10:54:00-05:00,164.24000549316406,164.2899932861328,164.1168975830078,164.25999450683594,,9951.0
2022-11-08 10:56:00-05:00,164.39010620117188,164.39010620117188,164.0,164.0,,10654.0
2022-11-08 10:57:00-05:00,164.11599731445312,164.47000122070312,164.11599731445312,164.47000122070312,,4847.0
2022-11-08 10:58:00-05:00,164.47000122070312,164.8000030517578,164.36000061035156,164.60000610351562,,9692.0
2022-11-08 10:59:00-05:00,164.41000366210938,164.4199981689453,164.39999389648438,164.4199981689453,,1584.0
2022-11-08 11:00:00-05:00,164.44000244140625,164.75,164.42999267578125,164.63999938964844,,6029.0
2022-11-08 11:01:00-05:00,164.63999938964844,164.63999938964844,164.16000366210938,164.16000366210938,,6132.0
2022-11-08 11:02:00-05:00,164.3000030517578,164.3800048828125,164.14999389648438,164.35000610351562,,6965.0
2022-11-08 11:03:00-05:00,164.2552032470703,164.34500122070312,164.1999969482422,164.25,,12767.0
2022-11-08 11:04:00-05:00,164.3000030517578,164.5500030517578,164.2899932861328,164.47000122070312,,3532.0
2022-11-08 11:05:00-05:00,164.4199981689453,164.4199981689453,164.10000610351562,164.2100067138672,,4548.0
2022-11-08 11:06:00-05:00,164.32000732421875,164.4499969482422,164.32000732421875,164.33999633789062,,2418.0
2022-11-08 11:07:00-05:00,164.39999389648438,164.60000610351562,164.2700958251953,164.5500030517578,,4764.0
2022-11-08 11:08:00-05:00,164.5800018310547,164.6300048828125,164.32000732421875,164.32000732421875,,4702.0
2022-11-08 11:09:00-05:00,164.4969940185547,165.1199951171875,164.4969940185547,165.02999877929688,,9454.0
2022-11-08 11:10:00-05:00,165.08999633789062,165.17999267578125,165.02000427246094,165.0800018310547,,6622.0
2022-11-08 11:11:00-05:00,165.0800018310547,165.14999389648438,165.02999877929688,165.14999389648438,,1856.0
2022-11-08 11:12:00-05:00,165.19000244140625,165.27999877929688,165.11500549316406,165.24000549316406,,10282.0
2022-11-08 11:13:00-05:00,165.2050018310547,165.25,164.89999389648438,164.98500061035156,,6712.0
2022-11-08 11:14:00-05:00,164.97999572753906,164.99000549316406,164.88999938964844,164.99000549316406,,1446.0
2022-11-08 11:15:00-05:00,165.07000732421875,165.4499969482422,165.0449981689453,165.4499969482422,,9233.0
2022-11-08 11:16:00-05:00,165.3000030517578,165.6699981689453,165.3000030517578,165.5749969482422,,10038.0
2022-11-08 11:17:00-05:00,165.5749969482422,165.66000366210938,165.41000366210938,165.47500610351562,,12673.0
2022-11-08 11:18:00-05:00,165.47999572753906,165.69790649414062,165.4279022216797,165.69790649414062,,2950.0
2022-11-08 11:19:00-05:00,165.6999969482422,165.9499053955078,165.6649932861328,165.8800048828125,,12895.0
2022-11-08 11:20:00-05:00,165.80999755859375,165.80999755859375,165.6300048828125,165.6300048828125,,4587.0
2022-11-08 11:21:00-05:00,165.61000061035156,165.64939880371094,165.24000549316406,165.3000030517578,,4634.0
2022-11-08 11:22:00-05:00,165.3000030517578,165.42999267578125,165.1999969482422,165.2899932861328,,5268.0
2022-11-08 11:23:00-05:00,165.38999938964844,165.47999572753906,165.35000610351562,165.47999572753906,,5490.0
2022-11-08 11:24:00-05:00,165.5,165.5050048828125,165.1300048828125,165.1300048828125,,9839.0
2022-11-08 11:25:00-05:00,165.13999938964844,165.3300018310547,165.13999938964844,165.31500244140625,,2463.0
2022-11-08 11:26:00-05:00,165.33200073242188,165.47000122070312,165.3300018310547,165.3300018310547,,5586.0
2022-11-08 11:27:00-05:00,165.2899932861328,165.2899932861328,165.11000061035156,165.2010955810547,,9207.0
2022-11-08 11:28:00-05:00,165.1999969482422,165.3000030517578,165.07000732421875,165.22999572753906,,5949.0
2022-11-08 11:29:00-05:00,165.1999969482422,165.1999969482422,165.07000732421875,165.07000732421875,,3740.0
2022-11-08 11:30:00-05:00,165.07000732421875,165.19000244140625,165.0399932861328,165.0399932861328,,5496.0
2022-11-08 11:31:00-05:00,165.0,165.0,164.76010131835938,164.8800048828125,,8206.0
2022-11-08 11:32:00-05:00,165.02000427246094,165.5,165.02000427246094,165.47999572753906,,8060.0
2022-11-08 11:33:00-05:00,165.44000244140625,165.5500030517578,165.41470336914062,165.47000122070312,,4839.0
2022-11-08 11:34:00-05:00,165.52330017089844,165.52330017089844,165.36000061035156,165.36000061035156,,3313.0
2022-11-08 11:35:00-05:00,165.52000427246094,165.7899932861328,165.5,165.7899932861328,,9687.0
2022-11-08 11:36:00-05:00,165.77000427246094,166.16000366210938,165.75999450683594,166.09869384765625,,25193.0
2022-11-08 11:37:00-05:00,166.10000610351562,166.30999755859375,166.10000610351562,166.30999755859375,,10405.0
2022-11-08 11:38:00-05:00,166.3000030517578,166.3000030517578,166.2100067138672,166.24330139160156,,8085.0
2022-11-08 11:39:00-05:00,166.24000549316406,166.34449768066406,166.19000244140625,166.2949981689453,,5020.0
2022-11-08 11:40:00-05:00,166.2449951171875,166.42999267578125,166.1699981689453,166.42999267578125,,7579.0
2022-11-08 11:41:00-05:00,166.38580322265625,166.38580322265625,166.07000732421875,166.09359741210938,,7357.0
2022-11-08 11:42:00-05:00,166.08009338378906,166.24000549316406,166.08009338378906,166.21499633789062,,4111.0
2022-11-08 11:43:00-05:00,166.2032012939453,166.60000610351562,166.13999938964844,166.5399932861328,,18506.0
2022-11-08 11:44:00-05:00,166.5449981689453,166.71749877929688,166.44000244140625,166.71749877929688,,12130.0
2022-11-08 11:45:00-05:00,166.72000122070312,166.72000122070312,166.3699951171875,166.44500732421875,,20885.0
2022-11-08 11:46:00-05:00,166.37010192871094,166.82000732421875,166.37010192871094,166.74000549316406,,25574.0
2022-11-08 11:47:00-05:00,166.75999450683594,166.8699951171875,166.66000366210938,166.77000427246094,,9207.0
2022-11-08 11:48:00-05:00,166.69000244140625,166.97000122070312,166.69000244140625,166.7899932861328,,10784.0
2022-11-08 11:49:00-05:00,166.83999633789062,166.8699951171875,166.77000427246094,166.82000732421875,,2610.0
2022-11-08 11:50:00-05:00,166.83999633789062,166.9499969482422,166.39999389648438,166.4949951171875,,14770.0
2022-11-08 11:51:00-05:00,166.5,166.52000427246094,166.0,166.27999877929688,,7531.0
2022-11-08 11:52:00-05:00,166.27000427246094,166.52999877929688,166.27000427246094,166.39010620117188,,3517.0
2022-11-08 11:53:00-05:00,166.38999938964844,166.67999267578125,166.38999938964844,166.4550018310547,,5557.0
2022-11-08 11:54:00-05:00,166.38499450683594,166.56500244140625,166.38499450683594,166.47999572753906,,5728.0
2022-11-08 11:55:00-05:00,166.33999633789062,166.5800018310547,166.27999877929688,166.5800018310547,,4275.0
2022-11-08 11:56:00-05:00,166.52000427246094,166.61099243164062,166.37559509277344,166.37559509277344,,8191.0
2022-11-08 11:57:00-05:00,166.4499969482422,166.81480407714844,166.44500732421875,166.6999969482422,,11825.0
2022-11-08 11:58:00-05:00,166.75,166.83999633789062,166.6800994873047,166.7449951171875,,4632.0
2022-11-08 11:59:00-05:00,166.75,166.8300018310547,166.40499877929688,166.4499969482422,,6753.0
2022-11-08 12:00:00-05:00,166.39999389648438,166.52000427246094,166.39999389648438,166.46499633789062,,3215.0
2022-11-08 12:01:00-05:00,166.47000122070312,166.68899536132812,166.41000366210938,166.45010375976562,,11531.0
2022-11-08 12:02:00-05:00,166.49020385742188,166.52999877929688,166.49000549316406,166.5,,2503.0
2022-11-08 12:03:00-05:00,166.5050048828125,166.5050048828125,166.39999389648438,166.40350341796875,,5037.0
2022-11-08 12:04:00-05:00,166.3699951171875,166.41000366210938,166.11000061035156,166.19000244140625,,8282.0
2022-11-08 12:05:00-05:00,166.19000244140625,166.33999633789062,166.19000244140625,166.3350067138672,,3997.0
2022-11-08 12:06:00-05:00,166.3350067138672,166.63999938964844,166.3350067138672,166.62249755859375,,5236.0
2022-11-08 12:07:00-05:00,166.625,166.9499969482422,166.625,166.89999389648438,,15527.0
2022-11-08 12:08:00-05:00,166.89999389648438,167.02000427246094,166.77999877929688,166.85000610351562,,18266.0
2022-11-08 12:09:00-05:00,166.80999755859375,166.85499572753906,166.66000366210938,166.72999572753906,,7045.0
2022-11-08 12:10:00-05:00,166.6999969482422,166.86990356445312,166.6199951171875,166.86990356445312,,4800.0
2022-11-08 12:11:00-05:00,166.7899932861328,166.7899932861328,166.72999572753906,166.72999572753906,,3752.0
2022-11-08 12:12:00-05:00,166.77999877929688,166.8383026123047,166.7100067138672,166.8000030517578,,3972.0
2022-11-08 12:13:00-05:00,166.78179931640625,166.78179931640625,166.6107940673828,166.6107940673828,,2743.0
2022-11-08 12:14:00-05:00,166.60000610351562,166.60000610351562,166.39999389648438,166.5800018310547,,13482.0
2022-11-08 12:15:00-05:00,166.6199951171875,166.6199951171875,166.25999450683594,166.33999633789062,,18485.0
2022-11-08 12:16:00-05:00,166.35000610351562,166.5500030517578,166.30999755859375,166.48500061035156,,5930.0
2022-11-08 12:17:00-05:00,166.4600067138672,166.6199951171875,166.4600067138672,166.47500610351562,,4517.0
2022-11-08 12:18:00-05:00,166.5,166.5050048828125,166.4499969482422,166.5,,3115.0
2022-11-08 12:19:00-05:00,166.52999877929688,166.5399932861328,166.35000610351562,166.36000061035156,,3227.0
2022-11-08 12:20:00-05:00,166.41879272460938,166.41879272460938,166.1999969482422,166.2449951171875,,2768.0
2022-11-08 12:21:00-05:00,166.1999969482422,166.4499969482422,166.1999969482422,166.4499969482422,,2356.0
2022-11-08 12:22:00-05:00,166.46499633789062,166.74000549316406,166.42999267578125,166.7050018310547,,9421.0
2022-11-08 12:23:00-05:00,166.7050018310547,166.75,166.5449981689453,166.5449981689453,,4459.0
2022-11-08 12:24:00-05:00,166.5500030517578,166.8800048828125,166.5,166.77999877929688,,8709.0
2022-11-08 12:25:00-05:00,166.88999938964844,167.0500030517578,166.88999938964844,166.9250030517578,,11139.0
2022-11-08 12:26:00-05:00,166.87010192871094,167.30999755859375,166.8699951171875,167.27999877929688,,14745.0
2022-11-08 12:27:00-05:00,167.33999633789062,167.36000061035156,167.1999969482422,167.26499938964844,,24775.0
2022-11-08 12:28:00-05:00,167.21749877929688,167.27000427246094,167.0500030517578,167.24000549316406,,8558.0
2022-11-08 12:29:00-05:00,167.1999969482422,167.39999389648438,167.1199951171875,167.39999389648438,,3166.0
2022-11-08 12:30:00-05:00,167.39999389648438,167.49000549316406,167.20860290527344,167.20860290527344,,3434.0
2022-11-08 12:31:00-05:00,167.1999969482422,167.32000732421875,167.14999389648438,167.25,,2832.0
2022-11-08 12:32:00-05:00,167.30999755859375,167.30999755859375,167.17999267578125,167.24000549316406,,4783.0
2022-11-08 12:33:00-05:00,167.3000030517578,167.30999755859375,167.22000122070312,167.30999755859375,,3146.0
2022-11-08 12:34:00-05:00,167.3000030517578,167.30999755859375,167.22999572753906,167.22999572753906,,2974.0
2022-11-08 12:35:00-05:00,167.2550048828125,167.2550048828125,166.86000061035156,167.0,,10332.0
2022-11-08 12:36:00-05:00,166.99000549316406,167.10000610351562,166.8699951171875,167.07000732421875,,2974.0
2022-11-08 12:37:00-05:00,167.05999755859375,167.17999267578125,167.056396484375,167.056396484375,,2882.0
2022-11-08 12:38:00-05:00,167.11500549316406,167.11500549316406,167.0305938720703,167.10000610351562,,2492.0
2022-11-08 12:39:00-05:00,167.10499572753906,167.1699981689453,167.05999755859375,167.1699981689453,,4105.0
2022-11-08 12:40:00-05:00,167.14999389648438,167.1999969482422,166.9199981689453,166.9199981689453,,3975.0
2022-11-08 12:41:00-05:00,166.94020080566406,167.00289916992188,166.6999969482422,166.6999969482422,,3535.0
2022-11-08 12:42:00-05:00,166.72500610351562,166.77999877929688,166.60000610351562,166.72000122070312,,2904.0
2022-11-08 12:43:00-05:00,166.71499633789062,166.74000549316406,166.56500244140625,166.74000549316406,,4305.0
2022-11-08 12:44:00-05:00,166.64999389648438,166.74000549316406,166.64999389648438,166.73500061035156,,702.0
2022-11-08 12:45:00-05:00,166.74000549316406,166.9199981689453,166.74000549316406,166.8800048828125,,3556.0
2022-11-08 12:46:00-05:00,166.8101043701172,167.0399932861328,166.80999755859375,167.00999450683594,,6288.0
2022-11-08 12:47:00-05:00,167.00999450683594,167.00999450683594,166.7899932861328,166.91000366210938,,8078.0
2022-11-08 12:48:00-05:00,166.77999877929688,166.77999877929688,166.548095703125,166.63499450683594,,3689.0
2022-11-08 12:49:00-05:00,166.63999938964844,166.64500427246094,166.50999450683594,166.64500427246094,,2742.0
2022-11-08 12:50:00-05:00,166.64999389648438,166.74000549316406,166.52000427246094,166.60000610351562,,3831.0
2022-11-08 12:51:00-05:00,166.61000061035156,166.6300048828125,166.61000061035156,166.625,,1085.0
2022-11-08 12:52:00-05:00,166.5500030517578,166.55999755859375,166.39999389648438,166.46749877929688,,3445.0
2022-11-08 12:53:00-05:00,166.5,166.50999450683594,166.3800048828125,166.41000366210938,,3976.0
2022-11-08 12:54:00-05:00,166.39999389648438,166.4499969482422,166.32000732421875,166.39500427246094,,7160.0
2022-11-08 12:55:00-05:00,166.39999389648438,166.5449981689453,166.39999389648438,166.5449981689453,,2772.0
2022-11-08 12:56:00-05:00,166.4801025390625,166.50999450683594,166.36000061035156,166.38229370117188,,8975.0
2022-11-08 12:57:00-05:00,166.4199981689453,166.4199981689453,166.3000030517578,166.3350067138672,,1733.0
2022-11-08 12:58:00-05:00,166.32749938964844,166.4199981689453,166.27000427246094,166.27000427246094,,3147.0
2022-11-08 12:59:00-05:00,166.3300018310547,166.3300018310547,166.1999969482422,166.25999450683594,,5046.0
2022-11-08 13:00:00-05:00,166.1999969482422,166.25999450683594,166.1999969482422,166.25999450683594,,1643.0
2022-11-08 13:01:00-05:00,166.27999877929688,166.44000244140625,166.27999877929688,166.39999389648438,,2219.0
2022-11-08 13:02:00-05:00,166.44000244140625,166.60000610351562,166.44000244140625,166.59500122070312,,2090.0
2022-11-08 13:03:00-05:00,166.57000732421875,166.5800018310547,166.39999389648438,166.5800018310547,,5066.0
2022-11-08 13:04:00-05:00,166.64999389648438,166.67999267578125,166.60000610351562,166.60000610351562,,3865.0
2022-11-08 13:05:00-05:00,166.50999450683594,166.50999450683594,166.35000610351562,166.39999389648438,,2322.0
2022-11-08 13:06:00-05:00,166.33999633789062,166.47999572753906,166.30999755859375,166.4250030517578,,2993.0
2022-11-08 13:07:00-05:00,166.44000244140625,166.52000427246094,166.3699951171875,166.52000427246094,,2244.0
2022-11-08 13:08:00-05:00,166.50999450683594,166.6529998779297,166.50999450683594,166.6529998779297,,2681.0
2022-11-08 13:09:00-05:00,166.65499877929688,166.65499877929688,166.5,166.5,,2266.0
2022-11-08 13:10:00-05:00,166.5,166.55999755859375,166.5,166.55499267578125,,1139.0
2022-11-08 13:11:00-05:00,166.49000549316406,166.5399932861328,166.4600067138672,166.4600067138672,,2333.0
2022-11-08 13:12:00-05:00,166.57000732421875,166.5800018310547,166.44129943847656,166.4499969482422,,4501.0
2022-11-08 13:13:00-05:00,166.44749450683594,166.60000610351562,166.3800048828125,166.60000610351562,,7370.0
2022-11-08 13:14:00-05:00,166.57000732421875,166.5800018310547,166.5,166.5,,1823.0
2022-11-08 13:15:00-05:00,166.49000549316406,166.52000427246094,166.4600067138672,166.52000427246094,,2024.0
2022-11-08 13:16:00-05:00,166.52000427246094,166.5449981689453,166.50999450683594,166.5399932861328,,2044.0
2022-11-08 13:17:00-05:00,166.4499969482422,166.47999572753906,166.27999877929688,166.30999755859375,,5896.0
2022-11-08 13:18:00-05:00,166.28030395507812,166.28030395507812,166.1298065185547,166.1298065185547,,10061.0
2022-11-08 13:19:00-05:00,166.15499877929688,166.15499877929688,166.10000610351562,166.1199951171875,,6171.0
2022-11-08 13:20:00-05:00,166.08120727539062,166.08120727539062,165.74000549316406,165.80999755859375,,9894.0
2022-11-08 13:21:00-05:00,165.84500122070312,165.85000610351562,165.6501007080078,165.8000030517578,,31872.0
2022-11-08 13:22:00-05:00,165.72999572753906,165.75999450683594,165.5,165.52999877929688,,9961.0
2022-11-08 13:24:00-05:00,165.375,165.625,165.3300018310547,165.625,,49420.0
2022-11-08 13:25:00-05:00,165.4958038330078,165.56500244140625,165.39999389648438,165.56500244140625,,4288.0
2022-11-08 13:26:00-05:00,165.50999450683594,165.63999938964844,165.41000366210938,165.41000366210938,,2793.0
2022-11-08 13:27:00-05:00,165.3300018310547,165.41000366210938,165.0800018310547,165.08200073242188,,26005.0
2022-11-08 13:28:00-05:00,165.0500030517578,165.1638946533203,164.9600067138672,164.9600067138672,,2892.0
2022-11-08 13:29:00-05:00,164.91000366210938,165.1999969482422,164.91000366210938,165.19000244140625,,4638.0
2022-11-08 13:30:00-05:00,165.13999938964844,165.13999938964844,164.77000427246094,164.88499450683594,,6263.0
2022-11-08 13:31:00-05:00,164.78770446777344,165.0399932861328,164.78770446777344,164.88009643554688,,1959.0
2022-11-08 13:32:00-05:00,164.9600067138672,165.25,164.91000366210938,165.1300048828125,,5634.0
2022-11-08 13:33:00-05:00,165.02000427246094,165.25,165.02000427246094,165.17999267578125,,2079.0
2022-11-08 13:34:00-05:00,165.1999969482422,165.27999877929688,165.08309936523438,165.27999877929688,,3103.0
2022-11-08 13:35:00-05:00,165.2550048828125,165.39999389648438,165.2550048828125,165.33999633789062,,3193.0
2022-11-08 13:36:00-05:00,165.33999633789062,165.5,165.3000030517578,165.3000030517578,,4443.0
2022-11-08 13:37:00-05:00,165.30999755859375,165.32000732421875,165.2899932861328,165.32000732421875,,1578.0
2022-11-08 13:38:00-05:00,165.30999755859375,165.30999755859375,165.1501007080078,165.30999755859375,,2553.0
2022-11-08 13:39:00-05:00,165.27999877929688,165.42999267578125,165.19729614257812,165.41000366210938,,2645.0
2022-11-08 13:40:00-05:00,165.5399932861328,165.60499572753906,165.52000427246094,165.60499572753906,,4070.0
2022-11-08 13:41:00-05:00,165.50999450683594,165.55999755859375,165.42999267578125,165.47999572753906,,4920.0
2022-11-08 13:42:00-05:00,165.47999572753906,165.52999877929688,165.47999572753906,165.52999877929688,,960.0
2022-11-08 13:43:00-05:00,165.52999877929688,165.5399932861328,165.22000122070312,165.22000122070312,,2803.0
2022-11-08 13:44:00-05:00,165.19000244140625,165.25999450683594,165.11000061035156,165.1999969482422,,1325.0
2022-11-08 13:45:00-05:00,165.32000732421875,165.32000732421875,165.00999450683594,165.1300048828125,,3898.0
2022-11-08 13:46:00-05:00,165.13999938964844,165.1999969482422,165.08999633789062,165.12210083007812,,2489.0
2022-11-08 13:47:00-05:00,165.1199951171875,165.30999755859375,165.10000610351562,165.22000122070312,,3301.0
2022-11-08 13:48:00-05:00,165.2178955078125,165.25,165.10000610351562,165.10000610351562,,3973.0
2022-11-08 13:49:00-05:00,165.00999450683594,165.10000610351562,164.9199981689453,164.9532928466797,,6093.0
2022-11-08 13:50:00-05:00,165.0,165.2100067138672,164.93209838867188,164.93209838867188,,3704.0
2022-11-08 13:51:00-05:00,164.96499633789062,165.0,164.91000366210938,164.97000122070312,,3575.0
2022-11-08 13:52:00-05:00,164.875,165.0,164.67999267578125,165.0,,5239.0
2022-11-08 13:53:00-05:00,164.8000030517578,164.86500549316406,164.74000549316406,164.86000061035156,,2094.0
2022-11-08 13:54:00-05:00,164.72999572753906,164.75,164.6300048828125,164.75,,2615.0
2022-11-08 13:55:00-05:00,164.80499267578125,164.85000610351562,164.6999969482422,164.7899932861328,,5129.0
2022-11-08 13:56:00-05:00,164.67999267578125,164.67999267578125,164.2899932861328,164.47999572753906,,9055.0
2022-11-08 13:57:00-05:00,164.4199981689453,164.5500030517578,164.4091033935547,164.4949951171875,,2379.0
2022-11-08 13:58:00-05:00,164.41000366210938,164.5,164.36000061035156,164.43649291992188,,2488.0
2022-11-08 13:59:00-05:00,164.33999633789062,164.61270141601562,164.32000732421875,164.61270141601562,,5646.0
2022-11-08 14:00:00-05:00,164.42999267578125,164.77999877929688,164.42999267578125,164.68499755859375,,4262.0
2022-11-08 14:01:00-05:00,164.75,164.82000732421875,164.5399932861328,164.63999938964844,,3000.0
2022-11-08 14:02:00-05:00,164.5399932861328,164.60000610351562,164.3699951171875,164.5500030517578,,1640.0
2022-11-08 14:03:00-05:00,164.5500030517578,164.6300048828125,164.50320434570312,164.57000732421875,,3680.0
2022-11-08 14:04:00-05:00,164.55999755859375,164.6300048828125,164.38999938964844,164.57000732421875,,1660.0
2022-11-08 14:05:00-05:00,164.49000549316406,164.49000549316406,164.33999633789062,164.33999633789062,,3853.0
2022-11-08 14:06:00-05:00,164.38999938964844,164.4149932861328,164.3300018310547,164.3300018310547,,845.0
2022-11-08 14:07:00-05:00,164.4600067138672,164.52999877929688,164.30499267578125,164.49000549316406,,4427.0
2022-11-08 14:08:00-05:00,164.39999389648438,164.39999389648438,164.13079833984375,164.24000549316406,,9288.0
2022-11-08 14:09:00-05:00,164.17999267578125,164.22000122070312,164.0117950439453,164.2198944091797,,9566.0
2022-11-08 14:10:00-05:00,164.25999450683594,164.27499389648438,164.10000610351562,164.22999572753906,,4494.0
2022-11-08 14:11:00-05:00,164.2899932861328,164.3300018310547,164.07000732421875,164.11500549316406,,7295.0
2022-11-08 14:12:00-05:00,164.11500549316406,164.38999938964844,164.11500549316406,164.1999969482422,,4220.0
2022-11-08 14:13:00-05:00,164.2100067138672,164.38999938964844,164.19760131835938,164.2001953125,,2209.0
2022-11-08 14:14:00-05:00,164.39999389648438,164.5399932861328,164.33999633789062,164.4600067138672,,3267.0
2022-11-08 14:15:00-05:00,164.4499969482422,164.5399932861328,164.24000549316406,164.2899932861328,,3800.0
2022-11-08 14:16:00-05:00,164.36500549316406,164.5,164.3000030517578,164.44439697265625,,2984.0
2022-11-08 14:17:00-05:00,164.4949951171875,164.53990173339844,164.3699951171875,164.37600708007812,,2152.0
2022-11-08 14:18:00-05:00,164.47999572753906,164.5500030517578,164.36000061035156,164.5050048828125,,3578.0
2022-11-08 14:19:00-05:00,164.46800231933594,164.5,164.05999755859375,164.14999389648438,,3932.0
2022-11-08 14:20:00-05:00,164.3000030517578,164.3300018310547,164.0500030517578,164.0500030517578,,3657.0
2022-11-08 14:21:00-05:00,164.11000061035156,164.11000061035156,163.7104949951172,163.8300018310547,,8665.0
2022-11-08 14:22:00-05:00,163.75,163.82000732421875,163.6291046142578,163.71499633789062,,3320.0
2022-11-08 14:23:00-05:00,163.66000366210938,163.83999633789062,163.66000366210938,163.77499389648438,,5908.0
2022-11-08 14:24:00-05:00,163.77499389648438,163.77999877929688,163.6300048828125,163.6300048828125,,5096.0
2022-11-08 14:25:00-05:00,163.68499755859375,163.7100067138672,163.61000061035156,163.67999267578125,,6103.0
2022-11-08 14:26:00-05:00,163.6199951171875,163.6750030517578,163.08999633789062,163.3300018310547,,20461.0
2022-11-08 14:27:00-05:00,163.26629638671875,163.60000610351562,163.16009521484375,163.35000610351562,,5847.0
2022-11-08 14:28:00-05:00,163.47999572753906,163.47999572753906,163.22999572753906,163.3000030517578,,5319.0
2022-11-08 14:29:00-05:00,163.3000030517578,163.35000610351562,163.1649932861328,163.1649932861328,,6377.0
2022-11-08 14:30:00-05:00,163.25999450683594,163.35000610351562,163.164306640625,163.2899932861328,,17942.0
2022-11-08 14:31:00-05:00,163.2949981689453,163.4499969482422,163.24000549316406,163.35000610351562,,4495.0
2022-11-08 14:32:00-05:00,163.3300018310547,163.35000610351562,163.0659942626953,163.13999938964844,,4548.0
2022-11-08 14:33:00-05:00,163.15480041503906,163.3699951171875,163.13999938964844,163.1750030517578,,6922.0
2022-11-08 14:34:00-05:00,163.11000061035156,163.55999755859375,163.11000061035156,163.55999755859375,,19261.0
2022-11-08 14:35:00-05:00,163.5800018310547,163.5800018310547,163.3188934326172,163.3188934326172,,2555.0
2022-11-08 14:36:00-05:00,163.38999938964844,163.7100067138672,163.38999938964844,163.7100067138672,,8685.0
2022-11-08 14:37:00-05:00,163.69000244140625,163.93499755859375,163.6300048828125,163.93499755859375,,4663.0
2022-11-08 14:38:00-05:00,163.8699951171875,163.9250030517578,163.85000610351562,163.8800048828125,,2571.0
2022-11-08 14:39:00-05:00,163.91000366210938,164.1300048828125,163.91000366210938,164.10499572753906,,8767.0
2022-11-08 14:40:00-05:00,164.02999877929688,164.25,164.0,164.1999969482422,,7276.0
2022-11-08 14:41:00-05:00,164.14999389648438,164.31500244140625,164.11000061035156,164.31500244140625,,4761.0
2022-11-08 14:42:00-05:00,164.33999633789062,164.58999633789062,164.2989959716797,164.5469970703125,,6199.0
2022-11-08 14:43:00-05:00,164.46339416503906,164.46339416503906,164.25999450683594,164.25999450683594,,3185.0
2022-11-08 14:44:00-05:00,164.22000122070312,164.4250030517578,164.14759826660156,164.4149932861328,,2140.0
2022-11-08 14:45:00-05:00,164.3300018310547,164.37100219726562,164.13999938964844,164.13999938964844,,2465.0
2022-11-08 14:46:00-05:00,164.14010620117188,164.47999572753906,164.14010620117188,164.40499877929688,,3235.0
2022-11-08 14:47:00-05:00,164.30999755859375,164.50999450683594,164.27999877929688,164.50999450683594,,8830.0
2022-11-08 14:48:00-05:00,164.46499633789062,164.46499633789062,164.32000732421875,164.32000732421875,,1199.0
2022-11-08 14:49:00-05:00,164.35000610351562,164.4149932861328,164.3000030517578,164.3000030517578,,2725.0
2022-11-08 14:50:00-05:00,164.30999755859375,164.3699951171875,164.2100067138672,164.3699951171875,,4058.0
2022-11-08 14:51:00-05:00,164.35000610351562,164.43499755859375,164.3300018310547,164.3300018310547,,1296.0
2022-11-08 14:52:00-05:00,164.33999633789062,164.41000366210938,164.3300018310547,164.3800048828125,,1965.0
2022-11-08 14:53:00-05:00,164.38999938964844,164.5500030517578,164.38999938964844,164.54989624023438,,2710.0
2022-11-08 14:54:00-05:00,164.47000122070312,164.47000122070312,164.2864990234375,164.38499450683594,,5884.0
2022-11-08 14:55:00-05:00,164.47999572753906,164.47999572753906,164.1999969482422,164.1999969482422,,2219.0
2022-11-08 14:56:00-05:00,164.36000061035156,164.44000244140625,164.3350067138672,164.40499877929688,,2041.0
2022-11-08 14:57:00-05:00,164.4499969482422,164.47999572753906,164.33999633789062,164.39500427246094,,3072.0
2022-11-08 14:58:00-05:00,164.42999267578125,164.44000244140625,164.1999969482422,164.22000122070312,,5021.0
2022-11-08 14:59:00-05:00,164.30999755859375,164.30999755859375,164.14999389648438,164.17999267578125,,3953.0
2022-11-08 15:00:00-05:00,164.26499938964844,164.2949981689453,164.1199951171875,164.2949981689453,,2713.0
2022-11-08 15:01:00-05:00,164.32000732421875,164.67999267578125,164.31129455566406,164.66000366210938,,4718.0
2022-11-08 15:02:00-05:00,164.6199951171875,164.9687957763672,164.6199951171875,164.8699951171875,,3135.0
2022-11-08 15:03:00-05:00,164.89999389648438,164.89999389648438,164.6300048828125,164.7449951171875,,5950.0
2022-11-08 15:04:00-05:00,164.74249267578125,164.77000427246094,164.6699981689453,164.74000549316406,,4035.0
2022-11-08 15:05:00-05:00,164.6199951171875,164.6199951171875,164.4550018310547,164.52000427246094,,3976.0
2022-11-08 15:06:00-05:00,164.58999633789062,164.67999267578125,164.5,164.5399932861328,,2807.0
2022-11-08 15:07:00-05:00,164.52999877929688,164.59500122070312,164.47999572753906,164.59500122070312,,2107.0
2022-11-08 15:08:00-05:00,164.5850067138672,164.5850067138672,164.48500061035156,164.48500061035156,,1904.0
2022-11-08 15:09:00-05:00,164.47000122070312,164.5,164.3800048828125,164.3800048828125,,3536.0
2022-11-08 15:10:00-05:00,164.33999633789062,164.50999450683594,164.25,164.3800048828125,,4077.0
2022-11-08 15:11:00-05:00,164.33999633789062,164.38999938964844,164.13999938964844,164.2899932861328,,2690.0
2022-11-08 15:12:00-05:00,164.27000427246094,164.32000732421875,164.22999572753906,164.3000030517578,,1966.0
2022-11-08 15:13:00-05:00,164.3000030517578,164.44000244140625,164.27000427246094,164.27000427246094,,4068.0
2022-11-08 15:14:00-05:00,164.25,164.44000244140625,164.22999572753906,164.44000244140625,,2734.0
2022-11-08 15:15:00-05:00,164.32000732421875,164.60000610351562,164.32000732421875,164.3699951171875,,5162.0
2022-11-08 15:16:00-05:00,164.27000427246094,164.4199981689453,164.27000427246094,164.35130310058594,,3266.0
2022-11-08 15:17:00-05:00,164.375,164.64990234375,164.1378936767578,164.19000244140625,,9014.0
2022-11-08 15:18:00-05:00,164.1699981689453,164.40499877929688,164.1699981689453,164.33999633789062,,2268.0
2022-11-08 15:19:00-05:00,164.33999633789062,164.5,164.3000030517578,164.39999389648438,,6648.0
2022-11-08 15:20:00-05:00,164.42999267578125,164.67999267578125,164.3800048828125,164.5850067138672,,5974.0
2022-11-08 15:21:00-05:00,164.5850067138672,164.5926971435547,164.5,164.5500030517578,,4201.0
2022-11-08 15:22:00-05:00,164.52999877929688,164.74000549316406,164.5,164.6750030517578,,5836.0
2022-11-08 15:23:00-05:00,164.7050018310547,164.75,164.61000061035156,164.61000061035156,,1820.0
2022-11-08 15:24:00-05:00,164.5500030517578,164.58999633789062,164.4499969482422,164.4550018310547,,8208.0
2022-11-08 15:25:00-05:00,164.4355926513672,164.6199951171875,164.4355926513672,164.6199951171875,,4956.0
2022-11-08 15:26:00-05:00,164.57000732421875,164.74000549316406,164.56500244140625,164.7100067138672,,3996.0
2022-11-08 15:27:00-05:00,164.72999572753906,164.9600067138672,164.72999572753906,164.8000030517578,,4039.0
2022-11-08 15:28:00-05:00,164.875,165.0,164.875,165.0,,8611.0
2022-11-08 15:29:00-05:00,165.0,165.0800018310547,164.94000244140625,164.97999572753906,,4404.0
2022-11-08 15:30:00-05:00,164.97000122070312,165.2550048828125,164.91000366210938,165.22999572753906,,7108.0
2022-11-08 15:31:00-05:00,165.2550048828125,165.58999633789062,165.2550048828125,165.44000244140625,,38793.0
2022-11-08 15:32:00-05:00,165.36000061035156,165.5500030517578,165.3000030517578,165.5500030517578,,5502.0
2022-11-08 15:33:00-05:00,165.5,165.5,165.0800018310547,165.0800018310547,,5623.0
2022-11-08 15:34:00-05:00,165.14999389648438,165.35000610351562,165.1199951171875,165.35000610351562,,7408.0
2022-11-08 15:35:00-05:00,165.35000610351562,165.36000061035156,165.22000122070312,165.27000427246094,,14606.0
2022-11-08 15:36:00-05:00,165.28140258789062,165.38499450683594,165.13999938964844,165.17999267578125,,5482.0
2022-11-08 15:37:00-05:00,165.17999267578125,165.6199951171875,165.17999267578125,165.59500122070312,,16527.0
2022-11-08 15:38:00-05:00,165.60000610351562,165.7050018310547,165.16000366210938,165.22000122070312,,7329.0
2022-11-08 15:39:00-05:00,165.1199951171875,165.30999755859375,165.0500030517578,165.10499572753906,,8321.0
2022-11-08 15:40:00-05:00,165.07000732421875,165.25999450683594,165.07000732421875,165.1186981201172,,3194.0
2022-11-08 15:41:00-05:00,165.125,165.24000549316406,165.07000732421875,165.07000732421875,,4754.0
2022-11-08 15:42:00-05:00,165.14999389648438,165.1750030517578,164.91000366210938,165.0800018310547,,6392.0
2022-11-08 15:43:00-05:00,165.08999633789062,165.10000610351562,164.9199981689453,165.08999633789062,,5548.0
2022-11-08 15:44:00-05:00,165.0749969482422,165.14999389648438,164.94000244140625,164.94000244140625,,5500.0
2022-11-08 15:45:00-05:00,165.02000427246094,165.28500366210938,164.92999267578125,165.28500366210938,,9186.0
2022-11-08 15:46:00-05:00,165.35000610351562,165.47999572753906,165.33999633789062,165.47000122070312,,5548.0
2022-11-08 15:47:00-05:00,165.47000122070312,165.47000122070312,165.32000732421875,165.32000732421875,,4325.0
2022-11-08 15:48:00-05:00,165.39500427246094,165.5500030517578,165.32009887695312,165.5,,10478.0
2022-11-08 15:49:00-05:00,165.49000549316406,165.5,165.13009643554688,165.13999938964844,,11456.0
2022-11-08 15:50:00-05:00,165.22999572753906,165.36000061035156,165.10000610351562,165.1300048828125,,10360.0
2022-11-08 15:51:00-05:00,165.05499267578125,165.2324981689453,165.05499267578125,165.1699981689453,,7652.0
2022-11-08 15:52:00-05:00,165.1999969482422,165.36000061035156,165.14999389648438,165.2657012939453,,10091.0
2022-11-08 15:53:00-05:00,165.28500366210938,165.50999450683594,165.16000366210938,165.1750030517578,,39839.0
2022-11-08 15:54:00-05:00,165.24000549316406,165.24000549316406,164.97999572753906,165.16000366210938,,16851.0
2022-11-08 15:55:00-05:00,165.05999755859375,165.07000732421875,164.85000610351562,164.89500427246094,,14423.0
2022-11-08 15:56:00-05:00,164.88999938964844,164.97999572753906,164.75999450683594,164.77999877929688,,27539.0
2022-11-08 15:57:00-05:00,164.80999755859375,164.85000610351562,164.6199951171875,164.76499938964844,,25754.0
2022-11-08 15:58:00-05:00,164.8000030517578,164.8000030517578,164.61000061035156,164.6649932861328,,32342.0
2022-11-08 15:59:00-05:00,164.64999389648438,164.66000366210938,164.50999450683594,164.66000366210938,,50030.0
2022-11-09 09:30:00-05:00,162.5,164.11000061035156,162.35000610351562,164.11000061035156,,76644.0
2022-11-09 09:31:00-05:00,164.0800018310547,164.1199951171875,163.4199981689453,163.91000366210938,,10357.0
2022-11-09 09:32:00-05:00,163.69720458984375,163.69720458984375,162.5399932861328,162.60000610351562,,4360.0
2022-11-09 09:33:00-05:00,162.5,163.24549865722656,162.5,163.22999572753906,,6851.0
2022-11-09 09:34:00-05:00,163.25,164.10000610351562,163.16000366210938,163.9949951171875,,10140.0
2022-11-09 09:35:00-05:00,164.0,165.1999969482422,163.8699951171875,164.97999572753906,,22578.0
2022-11-09 09:36:00-05:00,164.77000427246094,164.99000549316406,164.05999755859375,164.5800018310547,,15934.0
2022-11-09 09:37:00-05:00,164.41000366210938,164.7100067138672,164.0,164.22000122070312,,8618.0
2022-11-09 09:38:00-05:00,164.197998046875,164.33999633789062,164.0,164.02000427246094,,4798.0
2022-11-09 09:39:00-05:00,164.2100067138672,165.0,164.2100067138672,164.4700927734375,,4010.0
2022-11-09 09:40:00-05:00,164.5,164.96009826660156,164.47000122070312,164.96009826660156,,7058.0
2022-11-09 09:41:00-05:00,164.64999389648438,164.8699951171875,164.3000030517578,164.8699951171875,,5260.0
2022-11-09 09:42:00-05:00,164.9199981689453,166.45989990234375,164.60000610351562,166.13490295410156,,28669.0
2022-11-09 09:43:00-05:00,166.0771026611328,167.25,166.0771026611328,166.94000244140625,,30136.0
2022-11-09 09:44:00-05:00,166.60000610351562,167.25999450683594,166.30999755859375,167.220703125,,18429.0
2022-11-09 09:45:00-05:00,167.01499938964844,167.88999938964844,166.80999755859375,167.83999633789062,,25912.0
2022-11-09 09:46:00-05:00,167.85000610351562,168.76060485839844,167.42999267578125,168.4149932861328,,46242.0
2022-11-09 09:47:00-05:00,168.40499877929688,169.4499969482422,168.25999450683594,169.08999633789062,,53557.0
2022-11-09 09:48:00-05:00,168.94000244140625,169.67999267578125,168.94000244140625,169.25999450683594,,31457.0
2022-11-09 09:49:00-05:00,169.1699981689453,169.77999877929688,168.69009399414062,169.53500366210938,,47924.0
2022-11-09 09:50:00-05:00,169.52499389648438,169.52999877929688,168.5800018310547,168.77000427246094,,40279.0
2022-11-09 09:51:00-05:00,168.72500610351562,168.92999267578125,168.60000610351562,168.6750030517578,,25980.0
2022-11-09 09:52:00-05:00,168.7899932861328,169.79989624023438,168.76499938964844,169.3699951171875,,34044.0
2022-11-09 09:53:00-05:00,169.38499450683594,169.8000030517578,169.11000061035156,169.60000610351562,,23759.0
2022-11-09 09:54:00-05:00,169.57000732421875,169.8000030517578,169.11000061035156,169.22500610351562,,20775.0
2022-11-09 09:55:00-05:00,169.23500061035156,169.6199951171875,168.110107421875,168.5,,33684.0
2022-11-09 09:56:00-05:00,168.48500061035156,168.60000610351562,167.42999267578125,167.60000610351562,,42862.0
2022-11-09 09:57:00-05:00,167.5771942138672,168.0,167.0,167.8300018310547,,17857.0
2022-11-09 09:58:00-05:00,167.77389526367188,168.23989868164062,167.72000122070312,168.11000061035156,,17883.0
2022-11-09 09:59:00-05:00,168.11000061035156,168.4499969482422,167.92999267578125,168.26400756835938,,19733.0
2022-11-09 10:00:00-05:00,168.24000549316406,168.36000061035156,167.77000427246094,168.0,,11413.0
2022-11-09 10:01:00-05:00,167.9949951171875,167.9949951171875,167.0330047607422,167.15499877929688,,14012.0
2022-11-09 10:02:00-05:00,167.09500122070312,167.88999938964844,167.0,167.52000427246094,,29647.0
2022-11-09 10:03:00-05:00,167.52000427246094,167.9499969482422,167.51730346679688,167.73500061035156,,17117.0
2022-11-09 10:04:00-05:00,167.7949981689453,168.1999969482422,167.7949981689453,168.07000732421875,,6179.0
2022-11-09 10:05:00-05:00,167.9600067138672,167.96499633789062,167.44000244140625,167.6999969482422,,11678.0
2022-11-09 10:06:00-05:00,167.72999572753906,168.0,167.67660522460938,167.7729034423828,,7238.0
2022-11-09 10:07:00-05:00,167.9759979248047,167.9759979248047,167.24000549316406,167.375,,6571.0
2022-11-09 10:08:00-05:00,167.38499450683594,167.39999389648438,166.6800994873047,167.11000061035156,,14529.0
2022-11-09 10:09:00-05:00,167.11000061035156,168.25999450683594,167.11000061035156,168.25999450683594,,18014.0
2022-11-09 10:10:00-05:00,168.16000366210938,168.1999969482422,167.66000366210938,167.7949981689453,,13681.0
2022-11-09 10:11:00-05:00,167.94000244140625,167.9720001220703,167.1365966796875,167.1365966796875,,11236.0
2022-11-09 10:12:00-05:00,167.1199951171875,167.30999755859375,166.75010681152344,166.88999938964844,,16561.0
2022-11-09 10:13:00-05:00,166.88999938964844,167.19000244140625,166.63999938964844,166.99000549316406,,9585.0
2022-11-09 10:14:00-05:00,167.19000244140625,167.78709411621094,167.0,167.6501007080078,,7723.0
2022-11-09 10:15:00-05:00,167.64999389648438,168.14999389648438,167.64999389648438,168.13499450683594,,8870.0
2022-11-09 10:16:00-05:00,168.1300048828125,168.39999389648438,167.85000610351562,168.22999572753906,,18600.0
2022-11-09 10:17:00-05:00,167.97000122070312,168.08999633789062,167.60000610351562,167.77999877929688,,8837.0
2022-11-09 10:18:00-05:00,167.77999877929688,167.94000244140625,167.5500030517578,167.8350067138672,,20968.0
2022-11-09 10:19:00-05:00,167.69000244140625,167.69000244140625,167.33900451660156,167.5500030517578,,9435.0
2022-11-09 10:20:00-05:00,167.4499969482422,167.72999572753906,167.3699951171875,167.6199951171875,,4768.0
2022-11-09 10:21:00-05:00,167.5800018310547,167.6300048828125,167.00999450683594,167.19000244140625,,8395.0
2022-11-09 10:22:00-05:00,167.11000061035156,167.25,166.9199981689453,167.0399932861328,,8942.0
2022-11-09 10:23:00-05:00,167.06500244140625,167.7449951171875,167.0500030517578,167.7375030517578,,19413.0
2022-11-09 10:24:00-05:00,167.65750122070312,167.8800048828125,167.65750122070312,167.69000244140625,,11956.0
2022-11-09 10:25:00-05:00,167.80999755859375,167.80999755859375,167.60000610351562,167.69000244140625,,10436.0
2022-11-09 10:26:00-05:00,167.72999572753906,168.13999938964844,167.67999267578125,167.82000732421875,,13198.0
2022-11-09 10:27:00-05:00,167.6999969482422,167.89999389648438,167.57000732421875,167.8300018310547,,12029.0
2022-11-09 10:28:00-05:00,167.78500366210938,167.89999389648438,167.6750030517578,167.8699951171875,,6977.0
2022-11-09 10:29:00-05:00,167.8699951171875,168.08810424804688,167.75999450683594,167.9949951171875,,6704.0
2022-11-09 10:30:00-05:00,168.0399932861328,168.48849487304688,167.99000549316406,168.24249267578125,,14498.0
2022-11-09 10:31:00-05:00,168.25,168.43600463867188,168.00999450683594,168.27000427246094,,9248.0
2022-11-09 10:32:00-05:00,168.2449951171875,168.64920043945312,168.22999572753906,168.47000122070312,,18961.0
2022-11-09 10:33:00-05:00,168.4250030517578,168.57000732421875,168.2949981689453,168.39999389648438,,13184.0
2022-11-09 10:34:00-05:00,168.39999389648438,168.55999755859375,168.04530334472656,168.5500030517578,,23846.0
2022-11-09 10:35:00-05:00,168.5399932861328,168.88999938964844,168.34750366210938,168.6699981689453,,8876.0
2022-11-09 10:36:00-05:00,168.63499450683594,169.0399932861328,168.50999450683594,169.0,,17349.0
2022-11-09 10:37:00-05:00,169.02499389648438,169.02999877929688,168.60009765625,168.94000244140625,,17630.0
2022-11-09 10:38:00-05:00,168.91000366210938,169.48989868164062,168.8699951171875,169.41000366210938,,17511.0
2022-11-09 10:39:00-05:00,169.35000610351562,169.52999877929688,169.27499389648438,169.49000549316406,,20978.0
2022-11-09 10:40:00-05:00,169.49000549316406,169.8300018310547,169.3699951171875,169.6199951171875,,36451.0
2022-11-09 10:41:00-05:00,169.50999450683594,169.58999633789062,168.75999450683594,168.75999450683594,,16841.0
2022-11-09 10:42:00-05:00,168.75,169.18190002441406,168.5,168.69000244140625,,10853.0
2022-11-09 10:43:00-05:00,168.66000366210938,168.74000549316406,168.360107421875,168.4250030517578,,6820.0
2022-11-09 10:44:00-05:00,168.41000366210938,168.5800018310547,168.41000366210938,168.5050048828125,,4431.0
2022-11-09 10:45:00-05:00,168.49249267578125,169.08999633789062,168.47999572753906,168.92999267578125,,10270.0
2022-11-09 10:46:00-05:00,168.88999938964844,169.24000549316406,168.8000946044922,169.14999389648438,,9002.0
2022-11-09 10:47:00-05:00,169.02000427246094,169.02000427246094,168.75,168.9949951171875,,16835.0
2022-11-09 10:48:00-05:00,168.9949951171875,169.10000610351562,168.91000366210938,169.00999450683594,,12766.0
2022-11-09 10:49:00-05:00,169.10000610351562,169.25,168.77999877929688,168.88499450683594,,14085.0
2022-11-09 10:50:00-05:00,168.89500427246094,168.99000549316406,168.22999572753906,168.22999572753906,,10024.0
2022-11-09 10:51:00-05:00,168.3000030517578,168.44679260253906,168.08999633789062,168.08999633789062,,5471.0
2022-11-09 10:52:00-05:00,168.08999633789062,168.1699981689453,167.88999938964844,167.89500427246094,,7316.0
2022-11-09 10:53:00-05:00,167.88450622558594,168.1905059814453,167.8000030517578,167.8000030517578,,7534.0
2022-11-09 10:54:00-05:00,167.86000061035156,167.86000061035156,167.0,167.13999938964844,,13668.0
2022-11-09 10:55:00-05:00,167.0500030517578,167.13999938964844,166.57000732421875,166.6300048828125,,21195.0
2022-11-09 10:56:00-05:00,166.7010040283203,167.00999450683594,166.5,166.58999633789062,,12071.0
2022-11-09 10:57:00-05:00,166.53819274902344,166.625,166.41000366210938,166.41000366210938,,1562.0
2022-11-09 10:58:00-05:00,166.63999938964844,166.76739501953125,166.58999633789062,166.60009765625,,13133.0
2022-11-09 10:59:00-05:00,166.66000366210938,166.80999755859375,166.5399932861328,166.60000610351562,,13512.0
2022-11-09 11:00:00-05:00,166.52999877929688,166.77999877929688,166.52000427246094,166.77999877929688,,7401.0
2022-11-09 11:01:00-05:00,166.71499633789062,167.3000030517578,166.66000366210938,166.99000549316406,,7198.0
2022-11-09 11:02:00-05:00,166.94000244140625,167.4199981689453,166.92999267578125,167.39999389648438,,5182.0
2022-11-09 11:03:00-05:00,167.39999389648438,167.39999389648438,167.0399932861328,167.08999633789062,,13371.0
2022-11-09 11:04:00-05:00,167.10000610351562,167.10000610351562,166.5500030517578,166.5500030517578,,4169.0
2022-11-09 11:05:00-05:00,166.5500030517578,166.6699981689453,166.27000427246094,166.50999450683594,,9374.0
2022-11-09 11:06:00-05:00,166.4600067138672,166.6300048828125,166.36000061035156,166.52000427246094,,10256.0
2022-11-09 11:07:00-05:00,166.55499267578125,166.69000244140625,166.39999389648438,166.63999938964844,,6798.0
2022-11-09 11:08:00-05:00,166.61500549316406,167.3000030517578,166.52999877929688,167.3000030517578,,10982.0
2022-11-09 11:09:00-05:00,167.22000122070312,167.52000427246094,167.22000122070312,167.32000732421875,,5991.0
2022-11-09 11:10:00-05:00,167.3350067138672,167.38999938964844,167.13009643554688,167.32000732421875,,12888.0
2022-11-09 11:11:00-05:00,167.34500122070312,167.4499969482422,167.2899932861328,167.42999267578125,,5595.0
2022-11-09 11:12:00-05:00,167.43609619140625,167.47000122070312,167.1999969482422,167.36000061035156,,11843.0
2022-11-09 11:13:00-05:00,167.34500122070312,167.71200561523438,167.25999450683594,167.6999969482422,,8693.0
2022-11-09 11:14:00-05:00,167.7550048828125,167.8300018310547,167.64999389648438,167.77999877929688,,9984.0
2022-11-09 11:15:00-05:00,167.67999267578125,167.67999267578125,167.42999267578125,167.5500030517578,,5344.0
2022-11-09 11:16:00-05:00,167.5500030517578,167.67999267578125,167.47000122070312,167.47000122070312,,1266.0
2022-11-09 11:17:00-05:00,167.5408935546875,167.5408935546875,167.14999389648438,167.14999389648438,,2637.0
2022-11-09 11:18:00-05:00,167.1699981689453,167.36000061035156,167.02999877929688,167.02999877929688,,2892.0
2022-11-09 11:19:00-05:00,167.02000427246094,167.24000549316406,166.83999633789062,167.10000610351562,,10884.0
2022-11-09 11:20:00-05:00,167.02999877929688,167.02999877929688,166.6199951171875,166.75999450683594,,3741.0
2022-11-09 11:21:00-05:00,166.77999877929688,167.00999450683594,166.5399932861328,166.7100067138672,,3191.0
2022-11-09 11:22:00-05:00,166.87120056152344,166.87120056152344,166.4499969482422,166.60499572753906,,6023.0
2022-11-09 11:23:00-05:00,166.59129333496094,166.67999267578125,166.4199981689453,166.5,,5875.0
2022-11-09 11:24:00-05:00,166.4499969482422,166.6199951171875,166.4199981689453,166.4199981689453,,4600.0
2022-11-09 11:25:00-05:00,166.52000427246094,166.72999572753906,166.4199981689453,166.5659942626953,,6773.0
2022-11-09 11:26:00-05:00,166.53500366210938,166.63999938964844,166.5,166.5,,2660.0
2022-11-09 11:27:00-05:00,166.4600067138672,166.69000244140625,166.4600067138672,166.69000244140625,,4362.0
2022-11-09 11:28:00-05:00,166.75999450683594,166.75999450683594,166.5500030517578,166.6300048828125,,3371.0
2022-11-09 11:29:00-05:00,166.5500030517578,166.55999755859375,166.25,166.32000732421875,,6448.0
2022-11-09 11:30:00-05:00,166.32000732421875,166.34500122070312,166.00999450683594,166.20489501953125,,13066.0
2022-11-09 11:31:00-05:00,166.1999969482422,166.3925018310547,166.110107421875,166.24000549316406,,5194.0
2022-11-09 11:32:00-05:00,166.17999267578125,166.29640197753906,166.10000610351562,166.10000610351562,,3855.0
2022-11-09 11:33:00-05:00,166.10000610351562,166.27999877929688,166.08999633789062,166.10000610351562,,5501.0
2022-11-09 11:34:00-05:00,166.13999938964844,166.1999969482422,165.85000610351562,165.8699951171875,,10801.0
2022-11-09 11:35:00-05:00,165.9600067138672,166.0399932861328,165.8300018310547,165.89500427246094,,5605.0
2022-11-09 11:36:00-05:00,165.82000732421875,166.02000427246094,165.71499633789062,166.02000427246094,,6768.0
2022-11-09 11:37:00-05:00,166.11000061035156,166.5126953125,166.0399932861328,166.4965057373047,,7812.0
2022-11-09 11:38:00-05:00,166.44000244140625,166.60000610351562,166.3699951171875,166.53390502929688,,3757.0
2022-11-09 11:39:00-05:00,166.66000366210938,166.85000610351562,166.66000366210938,166.6999969482422,,3219.0
2022-11-09 11:40:00-05:00,166.64999389648438,166.71499633789062,166.60000610351562,166.6999969482422,,2900.0
2022-11-09 11:41:00-05:00,166.72000122070312,167.11000061035156,166.72000122070312,166.77000427246094,,11718.0
2022-11-09 11:42:00-05:00,166.75,166.7949981689453,166.60000610351562,166.72999572753906,,3942.0
2022-11-09 11:43:00-05:00,166.74400329589844,166.9600067138672,166.58999633789062,166.9600067138672,,3609.0
2022-11-09 11:44:00-05:00,166.89999389648438,167.27999877929688,166.81100463867188,167.1894989013672,,6423.0
2022-11-09 11:45:00-05:00,167.14999389648438,167.25,167.10000610351562,167.17999267578125,,4559.0
2022-11-09 11:46:00-05:00,167.17999267578125,167.25,166.9499969482422,166.9949951171875,,3538.0
2022-11-09 11:47:00-05:00,166.94000244140625,166.94000244140625,166.74000549316406,166.74000549316406,,1527.0
2022-11-09 11:48:00-05:00,166.85499572753906,167.0883026123047,166.7700958251953,167.02999877929688,,6340.0
2022-11-09 11:49:00-05:00,167.0,167.00999450683594,166.85499572753906,166.85499572753906,,2765.0
2022-11-09 11:50:00-05:00,166.75999450683594,166.75999450683594,166.4499969482422,166.4499969482422,,4324.0
2022-11-09 11:51:00-05:00,166.5399932861328,166.80130004882812,166.5399932861328,166.8000030517578,,5581.0
2022-11-09 11:52:00-05:00,166.74000549316406,166.91000366210938,166.6699981689453,166.89999389648438,,8951.0
2022-11-09 11:53:00-05:00,166.88999938964844,166.9199981689453,166.4199981689453,166.4199981689453,,5495.0
2022-11-09 11:54:00-05:00,166.44000244140625,166.5399932861328,166.36000061035156,166.36000061035156,,5673.0
2022-11-09 11:55:00-05:00,166.3699951171875,166.64999389648438,166.25999450683594,166.25999450683594,,10886.0
2022-11-09 11:56:00-05:00,166.27999877929688,166.3000030517578,165.81069946289062,165.9550018310547,,10175.0
2022-11-09 11:57:00-05:00,165.9499969482422,165.9499969482422,165.7100067138672,165.8699951171875,,6509.0
2022-11-09 11:58:00-05:00,165.9199981689453,165.97999572753906,165.75650024414062,165.8699951171875,,2280.0
2022-11-09 11:59:00-05:00,165.92999267578125,166.0,165.835205078125,165.89999389648438,,5647.0
2022-11-09 12:00:00-05:00,166.03500366210938,166.03829956054688,165.91000366210938,166.0072021484375,,882.0
2022-11-09 12:01:00-05:00,166.0800018310547,166.0800018310547,165.9499969482422,165.9499969482422,,2179.0
2022-11-09 12:02:00-05:00,165.97000122070312,165.97000122070312,165.83999633789062,165.88999938964844,,1712.0
2022-11-09 12:03:00-05:00,165.85000610351562,165.97000122070312,165.8300018310547,165.97000122070312,,2754.0
2022-11-09 12:04:00-05:00,165.94000244140625,165.94000244140625,165.85000610351562,165.89999389648438,,1155.0
2022-11-09 12:05:00-05:00,165.8300018310547,165.8300018310547,165.64999389648438,165.64999389648438,,1639.0
2022-11-09 12:06:00-05:00,165.80999755859375,165.8300018310547,165.4600067138672,165.64999389648438,,5360.0
2022-11-09 12:07:00-05:00,165.60499572753906,165.60499572753906,165.4199981689453,165.5863037109375,,3064.0
2022-11-09 12:08:00-05:00,165.53500366210938,165.53500366210938,165.27999877929688,165.4832000732422,,11929.0
2022-11-09 12:09:00-05:00,165.375,165.60910034179688,165.3699951171875,165.43359375,,2112.0
2022-11-09 12:10:00-05:00,165.47450256347656,165.47450256347656,165.3000030517578,165.38499450683594,,1356.0
2022-11-09 12:11:00-05:00,165.30499267578125,165.5500030517578,165.3000946044922,165.414306640625,,5579.0
2022-11-09 12:12:00-05:00,165.39999389648438,165.47000122070312,165.39999389648438,165.44500732421875,,2259.0
2022-11-09 12:13:00-05:00,165.4600067138672,165.49000549316406,165.38999938964844,165.39999389648438,,1118.0
2022-11-09 12:14:00-05:00,165.36000061035156,165.38999938964844,165.27999877929688,165.36000061035156,,3314.0
2022-11-09 12:15:00-05:00,165.25,165.5,165.13999938964844,165.42999267578125,,9609.0
2022-11-09 12:16:00-05:00,165.4550018310547,165.4550018310547,165.22000122070312,165.36000061035156,,6380.0
2022-11-09 12:17:00-05:00,165.4600067138672,165.6999969482422,165.4550018310547,165.68499755859375,,4875.0
2022-11-09 12:18:00-05:00,165.75,165.75,165.5449981689453,165.61000061035156,,2797.0
2022-11-09 12:19:00-05:00,165.69000244140625,165.6999969482422,165.61000061035156,165.6300048828125,,2621.0
2022-11-09 12:20:00-05:00,165.5399932861328,165.75,165.52999877929688,165.75,,4802.0
2022-11-09 12:21:00-05:00,165.66000366210938,165.7899932861328,165.60000610351562,165.74000549316406,,5397.0
2022-11-09 12:22:00-05:00,165.69000244140625,165.76319885253906,165.5500030517578,165.5500030517578,,2294.0
2022-11-09 12:23:00-05:00,165.5500030517578,165.85000610351562,165.52499389648438,165.6999969482422,,6364.0
2022-11-09 12:24:00-05:00,165.64500427246094,165.9199981689453,165.61000061035156,165.85499572753906,,8567.0
2022-11-09 12:25:00-05:00,165.82000732421875,165.9199981689453,165.7899932861328,165.8300018310547,,2435.0
2022-11-09 12:26:00-05:00,165.74000549316406,165.9355926513672,165.6699981689453,165.9355926513672,,2545.0
2022-11-09 12:27:00-05:00,165.85000610351562,166.02499389648438,165.85000610351562,166.02499389648438,,4574.0
2022-11-09 12:28:00-05:00,166.0500030517578,166.1699981689453,166.0399932861328,166.1699981689453,,3693.0
2022-11-09 12:29:00-05:00,166.27499389648438,166.30499267578125,166.10000610351562,166.13999938964844,,4824.0
2022-11-09 12:30:00-05:00,166.15499877929688,166.22999572753906,166.1199951171875,166.1199951171875,,2160.0
2022-11-09 12:31:00-05:00,166.15499877929688,166.25,166.12010192871094,166.25,,2169.0
2022-11-09 12:32:00-05:00,166.2100067138672,166.3227996826172,166.1999969482422,166.22000122070312,,3360.0
2022-11-09 12:33:00-05:00,166.2100067138672,166.30999755859375,166.1699981689453,166.27999877929688,,3742.0
2022-11-09 12:34:00-05:00,166.23500061035156,166.39999389648438,166.1999969482422,166.22000122070312,,7511.0
2022-11-09 12:35:00-05:00,166.25999450683594,166.25999450683594,166.00059509277344,166.00999450683594,,5788.0
2022-11-09 12:36:00-05:00,166.0500030517578,166.0500030517578,166.0500030517578,166.0500030517578,,934.0
2022-11-09 12:37:00-05:00,165.94000244140625,165.94000244140625,165.69000244140625,165.86000061035156,,3240.0
2022-11-09 12:38:00-05:00,165.8300018310547,165.8300018310547,165.66000366210938,165.66900634765625,,1898.0
2022-11-09 12:39:00-05:00,165.74000549316406,165.75,165.60000610351562,165.72999572753906,,4262.0
2022-11-09 12:40:00-05:00,165.77999877929688,165.8249969482422,165.75999450683594,165.75999450683594,,2391.0
2022-11-09 12:41:00-05:00,165.6999969482422,165.72999572753906,165.5749969482422,165.58999633789062,,5885.0
2022-11-09 12:42:00-05:00,165.55999755859375,165.64999389648438,165.47000122070312,165.61000061035156,,4454.0
2022-11-09 12:43:00-05:00,165.60000610351562,165.61000061035156,165.41000366210938,165.41000366210938,,1881.0
2022-11-09 12:44:00-05:00,165.50999450683594,165.6699981689453,165.50999450683594,165.6699981689453,,2441.0
2022-11-09 12:45:00-05:00,165.64999389648438,165.95989990234375,165.64999389648438,165.80999755859375,,6969.0
2022-11-09 12:46:00-05:00,165.7899932861328,165.7949981689453,165.67999267578125,165.76499938964844,,2648.0
2022-11-09 12:47:00-05:00,165.72999572753906,165.78399658203125,165.64999389648438,165.75,,3189.0
2022-11-09 12:48:00-05:00,165.75,165.86000061035156,165.7100067138672,165.77000427246094,,4598.0
2022-11-09 12:49:00-05:00,165.82000732421875,165.86000061035156,165.75,165.77000427246094,,1651.0
2022-11-09 12:50:00-05:00,165.77999877929688,166.0,165.77999877929688,165.97999572753906,,4730.0
2022-11-09 12:51:00-05:00,166.00999450683594,166.08999633789062,165.97000122070312,166.0399932861328,,2823.0
2022-11-09 12:52:00-05:00,166.14999389648438,166.14999389648438,166.05999755859375,166.1199951171875,,1390.0
2022-11-09 12:53:00-05:00,166.05999755859375,166.231201171875,166.0399932861328,166.231201171875,,5190.0
2022-11-09 12:54:00-05:00,166.17999267578125,166.22999572753906,166.07000732421875,166.1199951171875,,2195.0
2022-11-09 12:55:00-05:00,166.1199951171875,166.1699981689453,166.11500549316406,166.1699981689453,,1648.0
2022-11-09 12:56:00-05:00,166.1699981689453,166.32000732421875,166.11000061035156,166.32000732421875,,6948.0
2022-11-09 12:57:00-05:00,166.375,166.49989318847656,166.3350067138672,166.49989318847656,,3194.0
2022-11-09 12:58:00-05:00,166.32000732421875,166.36000061035156,166.00999450683594,166.1750030517578,,5667.0
2022-11-09 12:59:00-05:00,166.17999267578125,166.2628936767578,166.11500549316406,166.24000549316406,,3816.0
2022-11-09 13:00:00-05:00,166.24000549316406,166.27000427246094,166.07000732421875,166.1199951171875,,12098.0
2022-11-09 13:01:00-05:00,166.0500030517578,166.38999938964844,166.0500030517578,166.30999755859375,,3129.0
2022-11-09 13:02:00-05:00,166.31500244140625,166.31500244140625,165.6697998046875,165.6697998046875,,7431.0
2022-11-09 13:03:00-05:00,165.64999389648438,165.9499969482422,165.5800018310547,165.8699951171875,,5615.0
2022-11-09 13:04:00-05:00,165.97000122070312,166.06460571289062,165.94000244140625,165.99000549316406,,4448.0
2022-11-09 13:05:00-05:00,166.0,166.0,165.89999389648438,165.92999267578125,,2703.0
2022-11-09 13:06:00-05:00,165.93499755859375,166.0399932861328,165.86050415039062,166.0,,2862.0
2022-11-09 13:07:00-05:00,165.97000122070312,166.0843963623047,165.97000122070312,166.0843963623047,,1461.0
2022-11-09 13:08:00-05:00,166.0399932861328,166.0399932861328,165.7100067138672,165.7899932861328,,2183.0
2022-11-09 13:09:00-05:00,165.8000030517578,165.97000122070312,165.8000030517578,165.97000122070312,,2227.0
2022-11-09 13:10:00-05:00,166.0,166.17990112304688,165.97000122070312,165.97500610351562,,3280.0
2022-11-09 13:11:00-05:00,165.91000366210938,166.0,165.72500610351562,166.0,,5474.0
2022-11-09 13:12:00-05:00,165.99290466308594,166.1999969482422,165.9499969482422,166.1999969482422,,4048.0
2022-11-09 13:13:00-05:00,166.3000030517578,166.41000366210938,166.25,166.25,,1741.0
2022-11-09 13:14:00-05:00,166.30999755859375,166.30999755859375,166.08999633789062,166.08999633789062,,1601.0
2022-11-09 13:15:00-05:00,166.18499755859375,166.29049682617188,166.0800018310547,166.22999572753906,,3734.0
2022-11-09 13:16:00-05:00,166.22500610351562,166.24000549316406,166.09010314941406,166.16000366210938,,5168.0
2022-11-09 13:17:00-05:00,166.12010192871094,166.1699981689453,166.05999755859375,166.12550354003906,,3799.0
2022-11-09 13:18:00-05:00,166.13499450683594,166.3000030517578,166.13499450683594,166.25999450683594,,4650.0
2022-11-09 13:19:00-05:00,166.27000427246094,166.27000427246094,166.1699981689453,166.1699981689453,,872.0
2022-11-09 13:20:00-05:00,166.1300048828125,166.3300018310547,166.10000610351562,166.25,,2912.0
2022-11-09 13:21:00-05:00,166.1699981689453,166.1750030517578,166.05999755859375,166.1699981689453,,1317.0
2022-11-09 13:22:00-05:00,166.11959838867188,166.1699981689453,165.92999267578125,166.11000061035156,,3806.0
2022-11-09 13:23:00-05:00,166.1699981689453,166.22000122070312,166.08999633789062,166.2100067138672,,7165.0
2022-11-09 13:24:00-05:00,166.25,166.3300018310547,166.24000549316406,166.24000549316406,,2927.0
2022-11-09 13:25:00-05:00,166.25999450683594,166.4199981689453,166.14999389648438,166.4199981689453,,5597.0
2022-11-09 13:26:00-05:00,166.3000030517578,166.49000549316406,166.24000549316406,166.24000549316406,,3711.0
2022-11-09 13:27:00-05:00,166.22999572753906,166.27000427246094,166.21499633789062,166.27000427246094,,1994.0
2022-11-09 13:28:00-05:00,166.18629455566406,166.24000549316406,165.9199981689453,165.9199981689453,,3302.0
2022-11-09 13:29:00-05:00,165.97000122070312,166.0,165.8000030517578,165.8800048828125,,3863.0
2022-11-09 13:30:00-05:00,165.8300018310547,166.0399932861328,165.7899932861328,165.89999389648438,,8354.0
2022-11-09 13:31:00-05:00,165.83999633789062,165.83999633789062,165.74000549316406,165.77999877929688,,2437.0
2022-11-09 13:32:00-05:00,165.75,165.75,165.52999877929688,165.60499572753906,,4734.0
2022-11-09 13:33:00-05:00,165.66000366210938,165.69000244140625,165.5800018310547,165.5800018310547,,3776.0
2022-11-09 13:34:00-05:00,165.58999633789062,165.58999633789062,165.25999450683594,165.25999450683594,,8365.0
2022-11-09 13:35:00-05:00,165.16000366210938,165.2100067138672,165.0500030517578,165.1999969482422,,21862.0
2022-11-09 13:36:00-05:00,165.17999267578125,165.22999572753906,165.0500030517578,165.0500030517578,,6200.0
2022-11-09 13:37:00-05:00,165.08999633789062,165.08999633789062,164.8300018310547,164.875,,12322.0
2022-11-09 13:38:00-05:00,164.92999267578125,165.08999633789062,164.8699951171875,165.05999755859375,,8439.0
2022-11-09 13:39:00-05:00,165.13070678710938,165.1699981689453,164.94000244140625,164.97999572753906,,4588.0
2022-11-09 13:40:00-05:00,165.03500366210938,165.22500610351562,164.94000244140625,165.22500610351562,,7948.0
2022-11-09 13:41:00-05:00,165.27999877929688,165.4499969482422,165.25,165.25,,6714.0
2022-11-09 13:42:00-05:00,165.22000122070312,165.4499969482422,165.14849853515625,165.41000366210938,,4211.0
2022-11-09 13:43:00-05:00,165.44000244140625,165.6300048828125,165.44000244140625,165.50999450683594,,3654.0
2022-11-09 13:44:00-05:00,165.47999572753906,165.6300048828125,165.47999572753906,165.625,,9393.0
2022-11-09 13:45:00-05:00,165.6699981689453,165.6699981689453,165.3114013671875,165.35000610351562,,3342.0
2022-11-09 13:46:00-05:00,165.3300018310547,165.3300018310547,165.00999450683594,165.00999450683594,,2256.0
2022-11-09 13:47:00-05:00,165.08999633789062,165.2550048828125,165.05499267578125,165.25,,4388.0
2022-11-09 13:48:00-05:00,165.1999969482422,165.55999755859375,165.1999969482422,165.44500732421875,,2577.0
2022-11-09 13:49:00-05:00,165.44000244140625,165.69020080566406,165.42210388183594,165.42210388183594,,4322.0
2022-11-09 13:50:00-05:00,165.42999267578125,165.47000122070312,165.3800048828125,165.39999389648438,,1633.0
2022-11-09 13:51:00-05:00,165.39999389648438,165.39999389648438,165.19000244140625,165.28860473632812,,4203.0
2022-11-09 13:52:00-05:00,165.22000122070312,165.32000732421875,165.22000122070312,165.3000030517578,,1633.0
2022-11-09 13:53:00-05:00,165.3000030517578,165.64999389648438,165.25,165.64999389648438,,23229.0
2022-11-09 13:54:00-05:00,165.52000427246094,165.61000061035156,165.3800048828125,165.40499877929688,,4520.0
2022-11-09 13:55:00-05:00,165.39999389648438,165.52000427246094,165.37010192871094,165.4499969482422,,3156.0
2022-11-09 13:56:00-05:00,165.44000244140625,165.49000549316406,165.32000732421875,165.32000732421875,,3868.0
2022-11-09 13:57:00-05:00,165.41000366210938,165.44000244140625,165.32000732421875,165.32000732421875,,4101.0
2022-11-09 13:58:00-05:00,165.33999633789062,165.36000061035156,165.2899932861328,165.33999633789062,,2250.0
2022-11-09 13:59:00-05:00,165.42080688476562,165.6300048828125,165.42080688476562,165.6199951171875,,3417.0
2022-11-09 14:00:00-05:00,165.60000610351562,165.60000610351562,165.4174041748047,165.42999267578125,,3756.0
2022-11-09 14:01:00-05:00,165.35499572753906,165.47000122070312,165.27999877929688,165.27999877929688,,3779.0
2022-11-09 14:02:00-05:00,165.07000732421875,165.25999450683594,165.0500030517578,165.2274932861328,,7614.0
2022-11-09 14:03:00-05:00,165.16000366210938,165.16000366210938,165.02000427246094,165.0399932861328,,3119.0
2022-11-09 14:04:00-05:00,165.0399932861328,165.1999969482422,165.0399932861328,165.19500732421875,,4582.0
2022-11-09 14:05:00-05:00,165.19000244140625,165.19000244140625,164.9300994873047,165.13999938964844,,5217.0
2022-11-09 14:06:00-05:00,165.10000610351562,165.10000610351562,164.97999572753906,165.0,,3081.0
2022-11-09 14:07:00-05:00,164.97999572753906,165.1999969482422,164.8699951171875,165.17999267578125,,6124.0
2022-11-09 14:08:00-05:00,165.1649932861328,165.39999389648438,165.15249633789062,165.39999389648438,,16599.0
2022-11-09 14:09:00-05:00,165.39999389648438,165.50999450683594,165.1699981689453,165.27430725097656,,19507.0
2022-11-09 14:10:00-05:00,165.27000427246094,165.27000427246094,165.11000061035156,165.11500549316406,,4290.0
2022-11-09 14:11:00-05:00,165.1898956298828,165.1898956298828,164.85000610351562,164.85000610351562,,1339.0
2022-11-09 14:12:00-05:00,164.85000610351562,164.85000610351562,164.5,164.6699981689453,,8788.0
2022-11-09 14:13:00-05:00,164.72000122070312,164.86000061035156,164.7100067138672,164.8300018310547,,4319.0
2022-11-09 14:14:00-05:00,164.77999877929688,164.90989685058594,164.74000549316406,164.83999633789062,,5472.0
2022-11-09 14:15:00-05:00,164.75,164.75,164.55999755859375,164.58999633789062,,2902.0
2022-11-09 14:16:00-05:00,164.52000427246094,164.61500549316406,164.52000427246094,164.5500030517578,,4459.0
2022-11-09 14:17:00-05:00,164.42999267578125,164.50999450683594,164.38499450683594,164.5050048828125,,6181.0
2022-11-09 14:18:00-05:00,164.49459838867188,164.86000061035156,164.47999572753906,164.69000244140625,,7871.0
2022-11-09 14:19:00-05:00,164.75999450683594,164.75999450683594,164.75,164.75,,1321.0
2022-11-09 14:20:00-05:00,164.80999755859375,164.80999755859375,164.58999633789062,164.58999633789062,,3738.0
2022-11-09 14:21:00-05:00,164.6300048828125,164.64999389648438,164.5850067138672,164.64999389648438,,692.0
2022-11-09 14:22:00-05:00,164.60000610351562,164.60000610351562,164.44000244140625,164.44000244140625,,2028.0
2022-11-09 14:23:00-05:00,164.47000122070312,164.5500030517578,164.41000366210938,164.52000427246094,,3457.0
2022-11-09 14:24:00-05:00,164.5399932861328,164.61000061035156,164.4156951904297,164.4156951904297,,3476.0
2022-11-09 14:25:00-05:00,164.50999450683594,164.55499267578125,164.4499969482422,164.49000549316406,,1995.0
2022-11-09 14:26:00-05:00,164.56210327148438,164.63999938964844,164.5,164.57000732421875,,3122.0
2022-11-09 14:27:00-05:00,164.61000061035156,164.80999755859375,164.5,164.5,,6063.0
2022-11-09 14:28:00-05:00,164.52000427246094,164.66000366210938,164.52000427246094,164.6199951171875,,2192.0
2022-11-09 14:29:00-05:00,164.65499877929688,164.77000427246094,164.625,164.77000427246094,,2628.0
2022-11-09 14:30:00-05:00,164.67999267578125,164.67999267578125,164.39999389648438,164.48500061035156,,2380.0
2022-11-09 14:31:00-05:00,164.42869567871094,164.4600067138672,164.3000030517578,164.35499572753906,,4171.0
2022-11-09 14:32:00-05:00,164.33999633789062,164.33999633789062,164.19000244140625,164.19000244140625,,4104.0
2022-11-09 14:33:00-05:00,164.10000610351562,164.27999877929688,164.10000610351562,164.1199951171875,,4811.0
2022-11-09 14:34:00-05:00,164.15499877929688,164.22000122070312,164.00999450683594,164.00999450683594,,11436.0
2022-11-09 14:35:00-05:00,164.0200958251953,164.13999938964844,163.9010009765625,164.0,,26731.0
2022-11-09 14:36:00-05:00,164.0,164.0,163.89999389648438,163.94500732421875,,2224.0
2022-11-09 14:37:00-05:00,163.99000549316406,164.0998992919922,163.91000366210938,163.91000366210938,,3491.0
2022-11-09 14:38:00-05:00,163.91000366210938,164.00999450683594,163.88999938964844,163.97000122070312,,4773.0
2022-11-09 14:39:00-05:00,163.94000244140625,163.94000244140625,163.72000122070312,163.7550048828125,,5332.0
2022-11-09 14:40:00-05:00,163.69000244140625,163.75729370117188,163.5,163.5,,9618.0
2022-11-09 14:41:00-05:00,163.47999572753906,163.5449981689453,163.35000610351562,163.5,,9006.0
2022-11-09 14:42:00-05:00,163.52999877929688,163.55230712890625,163.40330505371094,163.42999267578125,,7551.0
2022-11-09 14:43:00-05:00,163.50779724121094,163.55999755859375,163.44000244140625,163.5,,7416.0
2022-11-09 14:44:00-05:00,163.53500366210938,163.56500244140625,163.49000549316406,163.5500030517578,,18584.0
2022-11-09 14:45:00-05:00,163.56500244140625,163.56500244140625,163.1699981689453,163.44000244140625,,28100.0
2022-11-09 14:46:00-05:00,163.4199981689453,163.56500244140625,163.41000366210938,163.41000366210938,,4743.0
2022-11-09 14:47:00-05:00,163.39999389648438,163.52999877929688,163.30490112304688,163.30490112304688,,7953.0
2022-11-09 14:48:00-05:00,163.42999267578125,163.42999267578125,163.1999969482422,163.25999450683594,,2216.0
2022-11-09 14:49:00-05:00,163.22999572753906,163.22999572753906,162.88999938964844,163.08999633789062,,7635.0
2022-11-09 14:50:00-05:00,163.1300048828125,163.1300048828125,162.78500366210938,162.78500366210938,,3216.0
2022-11-09 14:51:00-05:00,162.9199981689453,162.9199981689453,162.70010375976562,162.81500244140625,,2848.0
2022-11-09 14:52:00-05:00,162.7899932861328,162.86000061035156,162.5800018310547,162.63999938964844,,12864.0
2022-11-09 14:53:00-05:00,162.6300048828125,163.0500030517578,162.6300048828125,163.0500030517578,,7628.0
2022-11-09 14:54:00-05:00,163.09849548339844,163.3000030517578,163.07000732421875,163.25999450683594,,5815.0
2022-11-09 14:55:00-05:00,163.09500122070312,163.28500366210938,163.09500122070312,163.27999877929688,,4649.0
2022-11-09 14:56:00-05:00,163.33999633789062,163.44000244140625,163.33999633789062,163.44000244140625,,1589.0
2022-11-09 14:57:00-05:00,163.4250030517578,163.5500030517578,163.4250030517578,163.52999877929688,,2936.0
2022-11-09 14:58:00-05:00,163.52499389648438,163.7100067138672,163.52499389648438,163.60000610351562,,5656.0
2022-11-09 14:59:00-05:00,163.5800018310547,163.73989868164062,163.52499389648438,163.7299041748047,,8726.0
2022-11-09 15:00:00-05:00,163.58999633789062,164.0,163.5800018310547,164.0,,8713.0
2022-11-09 15:01:00-05:00,164.08999633789062,164.08999633789062,163.94000244140625,163.99000549316406,,4785.0
2022-11-09 15:02:00-05:00,163.91000366210938,164.0,163.8699951171875,164.0,,4503.0
2022-11-09 15:03:00-05:00,164.0399932861328,164.33990478515625,163.94000244140625,164.19000244140625,,6409.0
2022-11-09 15:04:00-05:00,164.22999572753906,164.30999755859375,164.14999389648438,164.1699981689453,,8218.0
2022-11-09 15:05:00-05:00,164.27999877929688,164.33999633789062,164.16000366210938,164.33999633789062,,5230.0
2022-11-09 15:06:00-05:00,164.25999450683594,164.2899932861328,164.00999450683594,164.11000061035156,,5474.0
2022-11-09 15:07:00-05:00,164.1300048828125,164.1300048828125,163.90089416503906,164.0500030517578,,10803.0
2022-11-09 15:08:00-05:00,163.99000549316406,164.1300048828125,163.7899932861328,164.1300048828125,,8184.0
2022-11-09 15:09:00-05:00,164.19000244140625,164.1999969482422,163.8800048828125,163.89999389648438,,9959.0
2022-11-09 15:10:00-05:00,163.8699951171875,163.8699951171875,163.55999755859375,163.63499450683594,,7251.0
2022-11-09 15:11:00-05:00,163.58999633789062,163.92999267578125,163.58999633789062,163.63999938964844,,5682.0
2022-11-09 15:12:00-05:00,163.52999877929688,163.6999969482422,163.52999877929688,163.6999969482422,,2163.0
2022-11-09 15:13:00-05:00,163.71499633789062,163.8000030517578,163.64010620117188,163.75,,3893.0
2022-11-09 15:14:00-05:00,163.72500610351562,163.72500610351562,163.5,163.5,,3511.0
2022-11-09 15:15:00-05:00,163.56689453125,163.75,163.56689453125,163.75,,3645.0
2022-11-09 15:16:00-05:00,163.7100067138672,163.83999633789062,163.60000610351562,163.80499267578125,,4020.0
2022-11-09 15:17:00-05:00,163.74000549316406,163.75,163.57000732421875,163.6999969482422,,4717.0
2022-11-09 15:18:00-05:00,163.7899932861328,163.87449645996094,163.69000244140625,163.8300018310547,,2428.0
2022-11-09 15:19:00-05:00,163.8350067138672,164.02999877929688,163.8000030517578,164.02999877929688,,6128.0
2022-11-09 15:20:00-05:00,163.97000122070312,164.0500030517578,163.8699951171875,163.9499969482422,,5139.0
2022-11-09 15:21:00-05:00,163.99000549316406,164.05999755859375,163.8699951171875,163.8699951171875,,8319.0
2022-11-09 15:22:00-05:00,163.8000030517578,163.88999938964844,163.72000122070312,163.82000732421875,,3959.0
2022-11-09 15:23:00-05:00,163.8000030517578,163.94000244140625,163.6999969482422,163.7899932861328,,5308.0
2022-11-09 15:24:00-05:00,163.8800048828125,163.89999389648438,163.82000732421875,163.84500122070312,,4299.0
2022-11-09 15:25:00-05:00,163.91000366210938,164.30999755859375,163.91000366210938,164.25999450683594,,4951.0
2022-11-09 15:26:00-05:00,164.22000122070312,164.3300018310547,164.16000366210938,164.25,,10196.0
2022-11-09 15:27:00-05:00,164.22000122070312,164.27000427246094,164.00999450683594,164.00999450683594,,7651.0
2022-11-09 15:28:00-05:00,164.0800018310547,164.13999938964844,163.85000610351562,164.1199951171875,,6110.0
2022-11-09 15:29:00-05:00,164.1300048828125,164.1300048828125,163.9199981689453,163.9199981689453,,4660.0
2022-11-09 15:30:00-05:00,164.02999877929688,164.02999877929688,163.7899932861328,163.83999633789062,,4051.0
2022-11-09 15:31:00-05:00,163.77999877929688,163.9199981689453,163.7100067138672,163.84500122070312,,4884.0
2022-11-09 15:32:00-05:00,163.84500122070312,164.07000732421875,163.84500122070312,164.07000732421875,,5117.0
2022-11-09 15:33:00-05:00,164.0612030029297,164.1199951171875,163.9600067138672,163.9600067138672,,8695.0
2022-11-09 15:34:00-05:00,163.9499969482422,164.0500030517578,163.8300018310547,164.00999450683594,,9096.0
2022-11-09 15:35:00-05:00,164.05499267578125,164.05499267578125,163.81900024414062,163.86000061035156,,7980.0
2022-11-09 15:36:00-05:00,163.86000061035156,164.07000732421875,163.86000061035156,163.9499969482422,,4851.0
2022-11-09 15:37:00-05:00,163.97000122070312,163.97000122070312,163.8300018310547,163.88999938964844,,5813.0
2022-11-09 15:38:00-05:00,163.9499969482422,163.97000122070312,163.6999969482422,163.73500061035156,,6702.0
2022-11-09 15:39:00-05:00,163.6999969482422,163.8300018310547,163.63999938964844,163.66000366210938,,6319.0
2022-11-09 15:40:00-05:00,163.66000366210938,163.77999877929688,163.60000610351562,163.64500427246094,,15621.0
2022-11-09 15:41:00-05:00,163.60000610351562,163.86000061035156,163.60000610351562,163.83999633789062,,5787.0
2022-11-09 15:42:00-05:00,163.8302001953125,163.88999938964844,163.6699981689453,163.7550048828125,,11940.0
2022-11-09 15:43:00-05:00,163.7899932861328,163.88999938964844,163.66000366210938,163.8249969482422,,15979.0
2022-11-09 15:44:00-05:00,163.85000610351562,163.97000122070312,163.6999969482422,163.75,,11962.0
2022-11-09 15:45:00-05:00,163.77999877929688,163.99989318847656,163.6999969482422,163.94000244140625,,17068.0
2022-11-09 15:46:00-05:00,163.89999389648438,163.91000366210938,163.77999877929688,163.85499572753906,,12091.0
2022-11-09 15:47:00-05:00,163.85499572753906,163.88999938964844,163.6999969482422,163.7324981689453,,7976.0
2022-11-09 15:48:00-05:00,163.6999969482422,163.72999572753906,163.22999572753906,163.35000610351562,,13639.0
2022-11-09 15:49:00-05:00,163.32000732421875,163.38999938964844,163.22000122070312,163.22000122070312,,13156.0
2022-11-09 15:50:00-05:00,163.30999755859375,163.75,163.22000122070312,163.5500030517578,,19246.0
2022-11-09 15:51:00-05:00,163.61000061035156,163.61500549316406,163.3300018310547,163.3625030517578,,10979.0
2022-11-09 15:52:00-05:00,163.39500427246094,163.7993927001953,163.39500427246094,163.6300048828125,,10696.0
2022-11-09 15:53:00-05:00,163.625,163.8699951171875,163.5399932861328,163.5399932861328,,18905.0
2022-11-09 15:54:00-05:00,163.52999877929688,163.52999877929688,163.10000610351562,163.27000427246094,,21407.0
2022-11-09 15:55:00-05:00,163.27000427246094,163.27000427246094,163.08999633789062,163.1999969482422,,26095.0
2022-11-09 15:56:00-05:00,163.1999969482422,163.49000549316406,163.13999938964844,163.36500549316406,,31930.0
2022-11-09 15:57:00-05:00,163.33599853515625,163.44000244140625,163.25999450683594,163.30999755859375,,24389.0
2022-11-09 15:58:00-05:00,163.32000732421875,163.3800048828125,163.22000122070312,163.24000549316406,,31154.0
2022-11-09 15:59:00-05:00,163.24000549316406,163.35000610351562,163.0500030517578,163.22999572753906,,63512.0
2022-11-10 09:30:00-05:00,164.52499389648438,166.33999633789062,163.24000549316406,166.33999633789062,,165740.0
2022-11-10 09:31:00-05:00,166.00999450683594,167.2541046142578,165.70530700683594,165.70530700683594,,32117.0
2022-11-10 09:32:00-05:00,165.7050018310547,167.1649932861328,165.39999389648438,166.64999389648438,,22262.0
2022-11-10 09:33:00-05:00,166.42999267578125,166.44000244140625,165.64999389648438,165.94000244140625,,15944.0
2022-11-10 09:34:00-05:00,166.07000732421875,166.39990234375,165.0601043701172,165.13999938964844,,21966.0
2022-11-10 09:35:00-05:00,165.17999267578125,166.99000549316406,165.17999267578125,166.42010498046875,,14019.0
2022-11-10 09:36:00-05:00,166.85989379882812,166.88999938964844,165.8000030517578,166.4499969482422,,9357.0
2022-11-10 09:37:00-05:00,166.7899932861328,167.15829467773438,166.360107421875,166.8623046875,,15825.0
2022-11-10 09:38:00-05:00,167.0,167.0290069580078,166.1800994873047,166.9875946044922,,15430.0
2022-11-10 09:39:00-05:00,166.77999877929688,167.38999938964844,166.49000549316406,167.2100067138672,,14304.0
2022-11-10 09:40:00-05:00,167.1873016357422,167.6300048828125,166.41000366210938,166.4499969482422,,12081.0
2022-11-10 09:41:00-05:00,166.42999267578125,166.5800018310547,166.1999969482422,166.5800018310547,,7815.0
2022-11-10 09:42:00-05:00,166.47000122070312,166.72000122070312,166.19000244140625,166.5399932861328,,8914.0
2022-11-10 09:43:00-05:00,166.72000122070312,166.75,165.77999877929688,166.3000030517578,,10789.0
2022-11-10 09:44:00-05:00,166.30999755859375,166.7899932861328,166.02000427246094,166.71499633789062,,6649.0
2022-11-10 09:45:00-05:00,166.89999389648438,167.10000610351562,166.52999877929688,166.64999389648438,,9486.0
2022-11-10 09:46:00-05:00,166.72000122070312,166.72000122070312,165.7301025390625,166.22999572753906,,12563.0
2022-11-10 09:47:00-05:00,166.30999755859375,166.5050048828125,165.99000549316406,165.99000549316406,,7851.0
2022-11-10 09:48:00-05:00,166.2899932861328,166.2899932861328,165.82369995117188,166.08999633789062,,4423.0
2022-11-10 09:49:00-05:00,165.91000366210938,166.10000610351562,165.6199951171875,165.6501007080078,,13561.0
2022-11-10 09:50:00-05:00,165.72000122070312,165.91000366210938,165.25,165.90499877929688,,13437.0
2022-11-10 09:51:00-05:00,166.05999755859375,166.17999267578125,165.5399932861328,165.7899932861328,,13189.0
2022-11-10 09:52:00-05:00,165.88999938964844,166.0655059814453,165.3800048828125,165.74789428710938,,15381.0
2022-11-10 09:53:00-05:00,165.74000549316406,165.88999938964844,165.55999755859375,165.88999938964844,,8753.0
2022-11-10 09:54:00-05:00,165.88999938964844,165.88999938964844,165.52000427246094,165.85000610351562,,4687.0
2022-11-10 09:55:00-05:00,166.0,166.39999389648438,165.85000610351562,166.39999389648438,,11589.0
2022-11-10 09:56:00-05:00,166.4600067138672,166.49000549316406,166.1999969482422,166.40499877929688,,23883.0
2022-11-10 09:57:00-05:00,166.32000732421875,166.8800048828125,166.3000030517578,166.77000427246094,,8947.0
2022-11-10 09:58:00-05:00,166.71749877929688,166.86000061035156,166.49169921875,166.80499267578125,,20781.0
2022-11-10 09:59:00-05:00,166.80499267578125,167.10000610351562,166.77999877929688,166.9250030517578,,11076.0
2022-11-10 10:00:00-05:00,166.92999267578125,167.2299041748047,166.4300994873047,166.4300994873047,,27575.0
2022-11-10 10:01:00-05:00,166.55999755859375,166.55999755859375,165.66000366210938,165.6833038330078,,22461.0
2022-11-10 10:02:00-05:00,165.7550048828125,166.5998992919922,165.44000244140625,166.5924072265625,,27863.0
2022-11-10 10:03:00-05:00,166.4600067138672,166.66000366210938,165.7100067138672,165.72000122070312,,15883.0
2022-11-10 10:04:00-05:00,165.72000122070312,165.88999938964844,165.49789428710938,165.88999938964844,,21982.0
2022-11-10 10:05:00-05:00,165.88999938964844,165.92999267578125,165.47999572753906,165.67999267578125,,43554.0
2022-11-10 10:06:00-05:00,165.64999389648438,165.8800048828125,165.60000610351562,165.63999938964844,,21930.0
2022-11-10 10:07:00-05:00,165.80999755859375,166.24000549316406,165.67999267578125,166.24000549316406,,16097.0
2022-11-10 10:08:00-05:00,166.29989624023438,166.50999450683594,166.1199951171875,166.35000610351562,,20120.0
2022-11-10 10:09:00-05:00,166.3300018310547,166.69000244140625,166.1199951171875,166.50999450683594,,10244.0
2022-11-10 10:10:00-05:00,166.6699981689453,166.6699981689453,166.2100067138672,166.38499450683594,,6079.0
2022-11-10 10:11:00-05:00,166.40499877929688,166.49000549316406,166.0500030517578,166.11500549316406,,4425.0
2022-11-10 10:12:00-05:00,166.17999267578125,166.17999267578125,165.84129333496094,166.0500030517578,,15328.0
2022-11-10 10:13:00-05:00,165.85000610351562,166.0,165.6199951171875,165.75,,6561.0
2022-11-10 10:14:00-05:00,165.8000030517578,165.94000244140625,165.55999755859375,165.55999755859375,,8734.0
2022-11-10 10:15:00-05:00,165.69000244140625,166.13999938964844,165.63999938964844,166.0749969482422,,7268.0
2022-11-10 10:16:00-05:00,166.19000244140625,166.44000244140625,165.86000061035156,165.92999267578125,,13262.0
2022-11-10 10:17:00-05:00,165.9199981689453,165.97000122070312,165.6699981689453,165.82000732421875,,3870.0
2022-11-10 10:18:00-05:00,165.80999755859375,166.0500030517578,165.74000549316406,165.78370666503906,,5790.0
2022-11-10 10:19:00-05:00,166.00999450683594,166.1999969482422,165.83999633789062,165.9499969482422,,7460.0
2022-11-10 10:20:00-05:00,165.86000061035156,165.86000061035156,165.4199981689453,165.42999267578125,,16639.0
2022-11-10 10:21:00-05:00,165.46539306640625,166.14999389648438,165.44000244140625,166.08770751953125,,14141.0
2022-11-10 10:22:00-05:00,166.05999755859375,166.09500122070312,165.8699951171875,165.8699951171875,,5366.0
2022-11-10 10:23:00-05:00,166.16000366210938,166.1999969482422,166.0399932861328,166.09500122070312,,5267.0
2022-11-10 10:24:00-05:00,166.0399932861328,166.30499267578125,166.0399932861328,166.24000549316406,,4520.0
2022-11-10 10:25:00-05:00,166.07000732421875,166.21499633789062,166.05999755859375,166.05999755859375,,3658.0
2022-11-10 10:26:00-05:00,166.3300018310547,166.94000244140625,166.22000122070312,166.86000061035156,,21325.0
2022-11-10 10:27:00-05:00,167.0,167.13999938964844,166.85000610351562,166.86000061035156,,17382.0
2022-11-10 10:28:00-05:00,166.78680419921875,166.9600067138672,166.58999633789062,166.62100219726562,,9640.0
2022-11-10 10:29:00-05:00,166.6699981689453,166.85499572753906,166.5800018310547,166.8300018310547,,16930.0
2022-11-10 10:30:00-05:00,166.8800048828125,166.8800048828125,165.52999877929688,165.52999877929688,,18307.0
2022-11-10 10:31:00-05:00,165.64999389648438,166.11000061035156,165.5800018310547,165.94769287109375,,23053.0
2022-11-10 10:32:00-05:00,166.0399932861328,166.13499450683594,165.57000732421875,165.57000732421875,,17615.0
2022-11-10 10:33:00-05:00,165.5800018310547,165.82000732421875,165.5500030517578,165.6999969482422,,12355.0
2022-11-10 10:34:00-05:00,165.8199005126953,165.8199005126953,165.3300018310547,165.3300018310547,,13655.0
2022-11-10 10:35:00-05:00,165.2899932861328,165.41000366210938,164.9499969482422,165.38499450683594,,24766.0
2022-11-10 10:36:00-05:00,165.35000610351562,165.35000610351562,165.00999450683594,165.16000366210938,,9939.0
2022-11-10 10:37:00-05:00,165.0500030517578,165.1300048828125,164.7100067138672,164.875,,16067.0
2022-11-10 10:38:00-05:00,165.07000732421875,165.49989318847656,165.07000732421875,165.36000061035156,,7803.0
2022-11-10 10:39:00-05:00,165.3300018310547,165.3350067138672,165.07000732421875,165.08990478515625,,3906.0
2022-11-10 10:40:00-05:00,165.07000732421875,165.6999969482422,165.0500030517578,165.6999969482422,,16036.0
2022-11-10 10:41:00-05:00,165.6024932861328,166.10000610351562,165.6024932861328,166.0399932861328,,17119.0
2022-11-10 10:42:00-05:00,166.10000610351562,166.2449951171875,165.531005859375,165.66000366210938,,15541.0
2022-11-10 10:43:00-05:00,165.67999267578125,165.8300018310547,165.36000061035156,165.5,,16013.0
2022-11-10 10:44:00-05:00,165.52999877929688,165.60000610351562,165.05999755859375,165.05999755859375,,9257.0
2022-11-10 10:45:00-05:00,165.09500122070312,165.22000122070312,164.94000244140625,165.13999938964844,,14140.0
2022-11-10 10:46:00-05:00,165.3699951171875,165.4250030517578,165.0,165.11500549316406,,8342.0
2022-11-10 10:47:00-05:00,165.1999969482422,165.25999450683594,165.02999877929688,165.0399932861328,,6190.0
2022-11-10 10:48:00-05:00,164.9199981689453,164.9799041748047,164.75,164.9799041748047,,5610.0
2022-11-10 10:49:00-05:00,164.99000549316406,165.15499877929688,164.99000549316406,165.15499877929688,,1930.0
2022-11-10 10:50:00-05:00,165.14999389648438,165.39990234375,165.03500366210938,165.1750030517578,,5044.0
2022-11-10 10:51:00-05:00,165.1300048828125,165.1300048828125,164.99000549316406,164.99000549316406,,3594.0
2022-11-10 10:52:00-05:00,165.1699981689453,165.1699981689453,164.75,164.9499969482422,,27467.0
2022-11-10 10:53:00-05:00,164.8643035888672,165.04989624023438,164.5500030517578,164.67999267578125,,7542.0
2022-11-10 10:54:00-05:00,164.7449951171875,164.91000366210938,164.5800018310547,164.5800018310547,,5401.0
2022-11-10 10:55:00-05:00,164.50999450683594,164.60000610351562,164.27000427246094,164.56500244140625,,7169.0
2022-11-10 10:56:00-05:00,164.52999877929688,164.97999572753906,164.52999877929688,164.94000244140625,,8198.0
2022-11-10 10:57:00-05:00,164.91099548339844,165.0500030517578,164.75999450683594,164.75999450683594,,13177.0
2022-11-10 10:58:00-05:00,164.77000427246094,164.97999572753906,164.4600067138672,164.74000549316406,,12448.0
2022-11-10 10:59:00-05:00,164.72000122070312,164.99000549316406,164.706298828125,164.8000030517578,,10977.0
2022-11-10 11:00:00-05:00,164.8000030517578,165.17999267578125,164.65499877929688,164.65499877929688,,22798.0
2022-11-10 11:01:00-05:00,164.66000366210938,164.75,164.27000427246094,164.3699951171875,,4352.0
2022-11-10 11:02:00-05:00,164.4550018310547,164.6300048828125,164.2550048828125,164.53250122070312,,17270.0
2022-11-10 11:03:00-05:00,164.59060668945312,164.843505859375,164.5500030517578,164.64999389648438,,9309.0
2022-11-10 11:04:00-05:00,164.6475067138672,164.72999572753906,164.4600067138672,164.4600067138672,,8425.0
2022-11-10 11:05:00-05:00,164.47500610351562,164.8000030517578,164.38999938964844,164.78500366210938,,6109.0
2022-11-10 11:06:00-05:00,164.9199981689453,165.0,164.8300018310547,164.91000366210938,,4809.0
2022-11-10 11:07:00-05:00,164.8300018310547,164.8350067138672,164.62379455566406,164.62379455566406,,16708.0
2022-11-10 11:08:00-05:00,164.57000732421875,164.57000732421875,164.25,164.25,,5823.0
2022-11-10 11:09:00-05:00,164.3699951171875,164.57000732421875,164.3350067138672,164.3350067138672,,4930.0
2022-11-10 11:10:00-05:00,164.47999572753906,164.65249633789062,164.47999572753906,164.58099365234375,,24851.0
2022-11-10 11:11:00-05:00,164.5800018310547,164.5800018310547,164.48500061035156,164.48500061035156,,511.0
2022-11-10 11:12:00-05:00,164.4600067138672,164.60000610351562,164.35499572753906,164.60000610351562,,16267.0
2022-11-10 11:13:00-05:00,164.69000244140625,164.89990234375,164.64999389648438,164.77999877929688,,5156.0
2022-11-10 11:14:00-05:00,164.75,164.7899932861328,164.56590270996094,164.56590270996094,,13352.0
2022-11-10 11:15:00-05:00,164.77000427246094,164.77000427246094,164.4199981689453,164.77000427246094,,12349.0
2022-11-10 11:16:00-05:00,164.5399932861328,164.72000122070312,164.4199981689453,164.70700073242188,,8185.0
2022-11-10 11:17:00-05:00,164.75,164.9550018310547,164.75,164.86000061035156,,6495.0
2022-11-10 11:18:00-05:00,164.9149932861328,165.05999755859375,164.77000427246094,164.92999267578125,,4370.0
2022-11-10 11:19:00-05:00,164.92999267578125,164.92999267578125,164.6999969482422,164.74000549316406,,3782.0
2022-11-10 11:20:00-05:00,164.6300048828125,164.6300048828125,164.3936004638672,164.5399932861328,,4197.0
2022-11-10 11:21:00-05:00,164.6199951171875,164.82249450683594,164.5050048828125,164.6199951171875,,3401.0
2022-11-10 11:22:00-05:00,164.52999877929688,164.7899932861328,164.52999877929688,164.74000549316406,,8140.0
2022-11-10 11:23:00-05:00,164.55499267578125,164.55999755859375,164.35000610351562,164.35000610351562,,4679.0
2022-11-10 11:24:00-05:00,164.3699951171875,164.39999389648438,164.32000732421875,164.3699951171875,,2449.0
2022-11-10 11:25:00-05:00,164.25,164.25,163.89999389648438,163.9409942626953,,10904.0
2022-11-10 11:26:00-05:00,164.02999877929688,164.26499938964844,164.0,164.26499938964844,,6262.0
2022-11-10 11:27:00-05:00,164.32000732421875,164.5,164.24000549316406,164.33999633789062,,5211.0
2022-11-10 11:28:00-05:00,164.2949981689453,164.42999267578125,164.2949981689453,164.39999389648438,,1408.0
2022-11-10 11:29:00-05:00,164.5,164.5,164.22000122070312,164.33999633789062,,12338.0
2022-11-10 11:30:00-05:00,164.24000549316406,164.31500244140625,164.1699981689453,164.27499389648438,,2684.0
2022-11-10 11:31:00-05:00,164.2899932861328,164.49000549316406,164.1999969482422,164.49000549316406,,2415.0
2022-11-10 11:32:00-05:00,164.50709533691406,164.8000030517578,164.50709533691406,164.78250122070312,,7450.0
2022-11-10 11:33:00-05:00,164.6999969482422,164.7100067138672,164.47000122070312,164.69070434570312,,4257.0
2022-11-10 11:34:00-05:00,164.74000549316406,164.81500244140625,164.61000061035156,164.7100067138672,,3647.0
2022-11-10 11:35:00-05:00,164.61000061035156,164.625,164.4250030517578,164.5399932861328,,7478.0
2022-11-10 11:36:00-05:00,164.52999877929688,164.8000030517578,164.52999877929688,164.61729431152344,,8826.0
2022-11-10 11:37:00-05:00,164.66380310058594,164.66380310058594,164.39999389648438,164.6199951171875,,12824.0
2022-11-10 11:38:00-05:00,164.625,164.8350067138672,164.625,164.6300048828125,,27965.0
2022-11-10 11:39:00-05:00,164.6457061767578,164.74000549316406,164.6457061767578,164.71499633789062,,1311.0
2022-11-10 11:40:00-05:00,164.67999267578125,164.67999267578125,164.5500030517578,164.56500244140625,,5855.0
2022-11-10 11:41:00-05:00,164.42999267578125,164.4871063232422,164.0,164.0449981689453,,5758.0
2022-11-10 11:42:00-05:00,164.04049682617188,164.1199951171875,163.8800048828125,163.8800048828125,,2842.0
2022-11-10 11:43:00-05:00,163.94000244140625,164.0,163.92999267578125,163.97500610351562,,2430.0
2022-11-10 11:44:00-05:00,164.02999877929688,164.02999877929688,163.64999389648438,163.66000366210938,,5905.0
2022-11-10 11:45:00-05:00,163.75999450683594,163.75999450683594,163.6501007080078,163.75,,756.0
2022-11-10 11:46:00-05:00,163.95579528808594,164.0,163.67999267578125,164.0,,10285.0
2022-11-10 11:47:00-05:00,163.99000549316406,164.37249755859375,163.99000549316406,164.3699951171875,,11195.0
2022-11-10 11:48:00-05:00,164.2550048828125,164.4199981689453,164.22000122070312,164.27830505371094,,4499.0
2022-11-10 11:49:00-05:00,164.22999572753906,164.22999572753906,164.02000427246094,164.08999633789062,,4799.0
2022-11-10 11:50:00-05:00,164.1649932861328,164.22999572753906,164.00999450683594,164.2100067138672,,4125.0
2022-11-10 11:51:00-05:00,164.17999267578125,164.22999572753906,163.99000549316406,163.99000549316406,,3909.0
2022-11-10 11:52:00-05:00,163.92999267578125,164.00999450683594,163.80999755859375,163.8300018310547,,2778.0
2022-11-10 11:53:00-05:00,163.8000030517578,164.0,163.68099975585938,163.8800048828125,,9126.0
2022-11-10 11:54:00-05:00,163.8699951171875,164.0399932861328,163.6999969482422,163.92999267578125,,14716.0
2022-11-10 11:55:00-05:00,163.94000244140625,164.02999877929688,163.8800048828125,163.94000244140625,,1366.0
2022-11-10 11:56:00-05:00,164.05499267578125,164.06500244140625,163.75,163.85000610351562,,17588.0
2022-11-10 11:57:00-05:00,163.8000030517578,164.19000244140625,163.7899932861328,164.10499572753906,,26439.0
2022-11-10 11:58:00-05:00,164.11000061035156,164.36000061035156,164.11000061035156,164.34500122070312,,7405.0
2022-11-10 11:59:00-05:00,164.27000427246094,164.35000610351562,164.13999938964844,164.3000030517578,,3997.0
2022-11-10 12:00:00-05:00,164.3249969482422,164.47999572753906,164.22000122070312,164.36000061035156,,15552.0
2022-11-10 12:01:00-05:00,164.35000610351562,164.41000366210938,164.1999969482422,164.2100067138672,,2982.0
2022-11-10 12:02:00-05:00,164.21499633789062,164.25,163.89999389648438,163.97500610351562,,6517.0
2022-11-10 12:03:00-05:00,164.0050048828125,164.0050048828125,163.57960510253906,163.57960510253906,,5319.0
2022-11-10 12:04:00-05:00,163.58999633789062,163.72000122070312,163.51010131835938,163.60000610351562,,6869.0
2022-11-10 12:05:00-05:00,163.5500030517578,163.55999755859375,163.36000061035156,163.47000122070312,,12058.0
2022-11-10 12:06:00-05:00,163.5399932861328,163.60440063476562,163.30999755859375,163.50999450683594,,10849.0
2022-11-10 12:07:00-05:00,163.5,163.6300048828125,163.5,163.60000610351562,,2900.0
2022-11-10 12:08:00-05:00,163.60499572753906,163.69000244140625,163.58529663085938,163.68499755859375,,2933.0
2022-11-10 12:09:00-05:00,163.68499755859375,163.68499755859375,163.4600067138672,163.4600067138672,,6865.0
2022-11-10 12:10:00-05:00,163.44000244140625,163.44000244140625,163.35000610351562,163.38999938964844,,3789.0
2022-11-10 12:11:00-05:00,163.41000366210938,163.49000549316406,163.41000366210938,163.4550018310547,,2716.0
2022-11-10 12:12:00-05:00,163.43499755859375,163.43499755859375,163.24000549316406,163.27999877929688,,5476.0
2022-11-10 12:13:00-05:00,163.1800994873047,163.25,163.11000061035156,163.22999572753906,,6069.0
2022-11-10 12:14:00-05:00,163.16000366210938,163.22999572753906,163.0,163.16000366210938,,11179.0
2022-11-10 12:15:00-05:00,163.16000366210938,163.41000366210938,163.16000366210938,163.3800048828125,,5854.0
2022-11-10 12:16:00-05:00,163.35000610351562,163.49000549316406,163.30999755859375,163.3686065673828,,8510.0
2022-11-10 12:17:00-05:00,163.42999267578125,163.4499969482422,163.27999877929688,163.41000366210938,,10387.0
2022-11-10 12:18:00-05:00,163.3800048828125,163.39990234375,163.25,163.27000427246094,,2748.0
2022-11-10 12:19:00-05:00,163.30499267578125,163.4600067138672,163.30499267578125,163.44000244140625,,4663.0
2022-11-10 12:20:00-05:00,163.44000244140625,163.44000244140625,163.0500030517578,163.135498046875,,9291.0
2022-11-10 12:21:00-05:00,163.23289489746094,163.24989318847656,163.0500030517578,163.10549926757812,,5433.0
2022-11-10 12:22:00-05:00,163.1999969482422,163.25,163.15499877929688,163.1999969482422,,4653.0
2022-11-10 12:23:00-05:00,163.27000427246094,163.4600067138672,163.25,163.41549682617188,,10146.0
2022-11-10 12:24:00-05:00,163.50999450683594,163.7028045654297,163.50999450683594,163.67559814453125,,7843.0
2022-11-10 12:25:00-05:00,163.5800018310547,163.6999969482422,163.0500030517578,163.35000610351562,,30648.0
2022-11-10 12:26:00-05:00,163.25999450683594,163.30999755859375,163.13999938964844,163.13999938964844,,6488.0
2022-11-10 12:27:00-05:00,163.1199951171875,163.14999389648438,162.9600067138672,162.9949951171875,,11463.0
2022-11-10 12:28:00-05:00,163.03460693359375,163.11000061035156,162.82000732421875,162.9499969482422,,18969.0
2022-11-10 12:29:00-05:00,162.89999389648438,162.92999267578125,162.86000061035156,162.90570068359375,,3232.0
2022-11-10 12:30:00-05:00,162.82000732421875,162.86000061035156,162.52000427246094,162.66990661621094,,13790.0
2022-11-10 12:31:00-05:00,162.66000366210938,162.66000366210938,162.39999389648438,162.52999877929688,,8810.0
2022-11-10 12:32:00-05:00,162.50999450683594,162.6699981689453,162.50010681152344,162.57000732421875,,5309.0
2022-11-10 12:33:00-05:00,162.55999755859375,162.6199951171875,162.33999633789062,162.44000244140625,,9177.0
2022-11-10 12:34:00-05:00,162.47000122070312,162.55999755859375,162.35000610351562,162.35000610351562,,15260.0
2022-11-10 12:35:00-05:00,162.4199981689453,162.5500030517578,162.2899932861328,162.2899932861328,,13379.0
2022-11-10 12:36:00-05:00,162.3300018310547,162.33999633789062,162.10960388183594,162.24000549316406,,3020.0
2022-11-10 12:37:00-05:00,162.19000244140625,162.33999633789062,162.16000366210938,162.3365020751953,,4493.0
2022-11-10 12:38:00-05:00,162.3699951171875,162.3699951171875,162.0399932861328,162.0399932861328,,9075.0
2022-11-10 12:39:00-05:00,162.02000427246094,162.02000427246094,161.7100067138672,161.75999450683594,,15484.0
2022-11-10 12:40:00-05:00,161.88999938964844,162.19000244140625,161.88999938964844,162.13499450683594,,8469.0
2022-11-10 12:41:00-05:00,162.0800018310547,162.27000427246094,162.0800018310547,162.17999267578125,,8410.0
2022-11-10 12:42:00-05:00,162.14999389648438,162.50999450683594,162.0399932861328,162.47999572753906,,9322.0
2022-11-10 12:43:00-05:00,162.4290008544922,162.68499755859375,162.4290008544922,162.68499755859375,,4200.0
2022-11-10 12:44:00-05:00,162.83859252929688,162.89739990234375,162.77000427246094,162.8249969482422,,5589.0
2022-11-10 12:45:00-05:00,162.83999633789062,162.83999633789062,162.5399932861328,162.5399932861328,,4042.0
2022-11-10 12:46:00-05:00,162.57550048828125,162.57550048828125,162.41000366210938,162.53500366210938,,1801.0
2022-11-10 12:47:00-05:00,162.5500030517578,162.63999938964844,162.52000427246094,162.63999938964844,,4335.0
2022-11-10 12:48:00-05:00,162.55999755859375,162.6396026611328,162.52999877929688,162.55999755859375,,4634.0
2022-11-10 12:49:00-05:00,162.52000427246094,162.6300048828125,162.41000366210938,162.5500030517578,,6388.0
2022-11-10 12:50:00-05:00,162.63999938964844,162.83999633789062,162.63999938964844,162.6999969482422,,3650.0
2022-11-10 12:51:00-05:00,162.8000030517578,162.86000061035156,162.67100524902344,162.72760009765625,,7478.0
2022-11-10 12:52:00-05:00,162.8300018310547,162.91929626464844,162.75,162.91929626464844,,5691.0
2022-11-10 12:53:00-05:00,162.92999267578125,163.1300048828125,162.92999267578125,163.05630493164062,,7599.0
2022-11-10 12:54:00-05:00,163.1999969482422,163.1999969482422,163.11500549316406,163.13999938964844,,923.0
2022-11-10 12:55:00-05:00,163.1999969482422,163.52999877929688,163.18499755859375,163.32000732421875,,34294.0
2022-11-10 12:56:00-05:00,163.2899932861328,163.47000122070312,163.19000244140625,163.39999389648438,,14367.0
2022-11-10 12:57:00-05:00,163.39999389648438,163.5,163.38999938964844,163.42999267578125,,16432.0
2022-11-10 12:58:00-05:00,163.41000366210938,163.46499633789062,163.2899932861328,163.4600067138672,,15342.0
2022-11-10 12:59:00-05:00,163.49000549316406,163.72000122070312,163.44000244140625,163.72000122070312,,15194.0
2022-11-10 13:00:00-05:00,163.77999877929688,163.77999877929688,163.50999450683594,163.6750030517578,,14346.0
2022-11-10 13:01:00-05:00,163.6199951171875,163.7899932861328,163.6199951171875,163.75999450683594,,4188.0
2022-11-10 13:02:00-05:00,163.8000030517578,164.13250732421875,163.8000030517578,164.1154022216797,,21792.0
2022-11-10 13:03:00-05:00,164.2100067138672,164.40499877929688,164.1300048828125,164.39999389648438,,7721.0
2022-11-10 13:04:00-05:00,164.47000122070312,164.74000549316406,164.4199981689453,164.61000061035156,,27729.0
2022-11-10 13:05:00-05:00,164.6199951171875,164.77999877929688,164.5399932861328,164.73500061035156,,4943.0
2022-11-10 13:06:00-05:00,164.77499389648438,164.91990661621094,164.69000244140625,164.91990661621094,,6645.0
2022-11-10 13:07:00-05:00,164.8300018310547,165.1699981689453,164.74000549316406,165.1302947998047,,20826.0
2022-11-10 13:08:00-05:00,165.10000610351562,165.39999389648438,165.0399932861328,165.34500122070312,,21837.0
2022-11-10 13:09:00-05:00,165.35000610351562,165.48989868164062,165.30999755859375,165.4600067138672,,9565.0
2022-11-10 13:10:00-05:00,165.5,165.60000610351562,165.49000549316406,165.60000610351562,,14753.0
2022-11-10 13:11:00-05:00,165.57000732421875,165.57000732421875,165.2100067138672,165.25,,15201.0
2022-11-10 13:12:00-05:00,165.32000732421875,165.6300048828125,165.32000732421875,165.52459716796875,,11057.0
2022-11-10 13:13:00-05:00,165.5500030517578,165.69500732421875,165.5500030517578,165.61000061035156,,7050.0
2022-11-10 13:14:00-05:00,165.51499938964844,165.67999267578125,165.50929260253906,165.66000366210938,,5618.0
2022-11-10 13:15:00-05:00,165.6322021484375,165.72000122070312,165.58999633789062,165.58999633789062,,6421.0
2022-11-10 13:16:00-05:00,165.64999389648438,165.83999633789062,165.64999389648438,165.8000030517578,,5529.0
2022-11-10 13:17:00-05:00,165.77999877929688,165.77999877929688,165.69000244140625,165.75,,2166.0
2022-11-10 13:18:00-05:00,165.8498992919922,165.8498992919922,165.60000610351562,165.7657012939453,,5701.0
2022-11-10 13:19:00-05:00,165.75,165.75999450683594,165.6699981689453,165.75999450683594,,3506.0
2022-11-10 13:20:00-05:00,165.82000732421875,165.88999938964844,165.8000030517578,165.8000030517578,,2365.0
2022-11-10 13:21:00-05:00,165.8699951171875,166.05999755859375,165.85000610351562,166.00999450683594,,18149.0
2022-11-10 13:22:00-05:00,166.0050048828125,166.12249755859375,165.86000061035156,165.9199981689453,,4827.0
2022-11-10 13:23:00-05:00,165.8361053466797,165.8361053466797,165.66329956054688,165.75999450683594,,3112.0
2022-11-10 13:24:00-05:00,165.77000427246094,166.0,165.72830200195312,166.0,,3862.0
2022-11-10 13:25:00-05:00,165.85360717773438,165.9600067138672,165.7779998779297,165.89999389648438,,5233.0
2022-11-10 13:26:00-05:00,165.88600158691406,165.9600067138672,165.85000610351562,165.9600067138672,,3282.0
2022-11-10 13:27:00-05:00,166.0,166.1999053955078,165.99000549316406,166.1199951171875,,3725.0
2022-11-10 13:28:00-05:00,166.0500030517578,166.2899932861328,166.0399932861328,166.1824951171875,,8261.0
2022-11-10 13:29:00-05:00,166.14540100097656,166.35899353027344,166.14540100097656,166.2790069580078,,5847.0
2022-11-10 13:30:00-05:00,166.30250549316406,166.39999389648438,166.27000427246094,166.27999877929688,,5581.0
2022-11-10 13:31:00-05:00,166.32000732421875,166.33999633789062,166.1300048828125,166.14199829101562,,4984.0
2022-11-10 13:32:00-05:00,166.13999938964844,166.16000366210938,166.02000427246094,166.02000427246094,,4375.0
2022-11-10 13:33:00-05:00,166.0,166.0,165.6199951171875,165.7799072265625,,10054.0
2022-11-10 13:34:00-05:00,165.8699951171875,166.07000732421875,165.8300018310547,166.07000732421875,,3165.0
2022-11-10 13:35:00-05:00,165.96009826660156,166.0749969482422,165.9499969482422,166.0749969482422,,4923.0
2022-11-10 13:36:00-05:00,166.0,166.25,166.0,166.25,,3503.0
2022-11-10 13:37:00-05:00,166.22000122070312,166.39999389648438,166.22000122070312,166.22999572753906,,5984.0
2022-11-10 13:38:00-05:00,166.22000122070312,166.3699951171875,166.2100067138672,166.21099853515625,,6224.0
2022-11-10 13:39:00-05:00,166.14999389648438,166.28810119628906,166.11000061035156,166.22000122070312,,4897.0
2022-11-10 13:40:00-05:00,166.1699981689453,166.47999572753906,166.14999389648438,166.44000244140625,,7683.0
2022-11-10 13:41:00-05:00,166.3531951904297,166.69900512695312,166.3531951904297,166.6027069091797,,10523.0
2022-11-10 13:42:00-05:00,166.5500030517578,166.72900390625,166.5500030517578,166.65499877929688,,10855.0
2022-11-10 13:43:00-05:00,166.58970642089844,166.6533966064453,166.49000549316406,166.60000610351562,,5727.0
2022-11-10 13:44:00-05:00,166.66000366210938,166.7100067138672,166.65499877929688,166.67889404296875,,2629.0
2022-11-10 13:45:00-05:00,166.72999572753906,166.72999572753906,166.72999572753906,166.72999572753906,,189.0
2022-11-10 13:46:00-05:00,166.66000366210938,166.74000549316406,166.66000366210938,166.74000549316406,,7770.0
2022-11-10 13:47:00-05:00,166.72000122070312,166.94000244140625,166.7100067138672,166.82000732421875,,19528.0
2022-11-10 13:48:00-05:00,166.82000732421875,166.9398956298828,166.82000732421875,166.8300018310547,,9230.0
2022-11-10 13:49:00-05:00,166.86000061035156,166.8800048828125,166.74000549316406,166.84500122070312,,5524.0
2022-11-10 13:50:00-05:00,166.82000732421875,166.83999633789062,166.7100067138672,166.77999877929688,,4715.0
2022-11-10 13:51:00-05:00,166.7469940185547,166.75,166.625,166.7301025390625,,3349.0
2022-11-10 13:52:00-05:00,166.75999450683594,166.86000061035156,166.75999450683594,166.8000030517578,,5898.0
2022-11-10 13:53:00-05:00,166.8090057373047,166.89999389648438,166.8090057373047,166.8699951171875,,2608.0
2022-11-10 13:54:00-05:00,166.9199981689453,166.94000244140625,166.7899932861328,166.7928924560547,,2794.0
2022-11-10 13:55:00-05:00,166.87550354003906,166.88999938964844,166.6999969482422,166.74000549316406,,4667.0
2022-11-10 13:56:00-05:00,166.80499267578125,167.02999877929688,166.80499267578125,166.9499969482422,,8024.0
2022-11-10 13:57:00-05:00,166.9499969482422,166.97000122070312,166.88999938964844,166.9499969482422,,3536.0
2022-11-10 13:58:00-05:00,166.92999267578125,166.92999267578125,166.5,166.52000427246094,,20340.0
2022-11-10 13:59:00-05:00,166.47999572753906,166.6699981689453,166.4550018310547,166.64500427246094,,13198.0
2022-11-10 14:00:00-05:00,166.64999389648438,166.89999389648438,166.60009765625,166.83999633789062,,16369.0
2022-11-10 14:01:00-05:00,166.75999450683594,167.00999450683594,166.75999450683594,167.00999450683594,,11726.0
2022-11-10 14:02:00-05:00,167.02999877929688,167.0814971923828,166.97999572753906,167.0399932861328,,4841.0
2022-11-10 14:03:00-05:00,167.07000732421875,167.1699981689453,167.07000732421875,167.08999633789062,,3977.0
2022-11-10 14:04:00-05:00,167.08999633789062,167.1649932861328,167.08999633789062,167.1649932861328,,2042.0
2022-11-10 14:05:00-05:00,167.16000366210938,167.3000030517578,167.08999633789062,167.26339721679688,,9403.0
2022-11-10 14:06:00-05:00,167.35000610351562,167.58999633789062,167.33999633789062,167.44000244140625,,23494.0
2022-11-10 14:07:00-05:00,167.39999389648438,167.5,167.39999389648438,167.5,,4373.0
2022-11-10 14:08:00-05:00,167.47999572753906,167.5800018310547,167.4199981689453,167.55999755859375,,9886.0
2022-11-10 14:09:00-05:00,167.5500030517578,167.67999267578125,167.51010131835938,167.618896484375,,9985.0
2022-11-10 14:10:00-05:00,167.69900512695312,167.69900512695312,167.36000061035156,167.44000244140625,,30309.0
2022-11-10 14:11:00-05:00,167.52000427246094,167.59500122070312,167.33999633789062,167.47999572753906,,25667.0
2022-11-10 14:12:00-05:00,167.47250366210938,167.61000061035156,167.41000366210938,167.55999755859375,,8524.0
2022-11-10 14:13:00-05:00,167.57000732421875,167.97999572753906,167.57000732421875,167.93499755859375,,13846.0
2022-11-10 14:14:00-05:00,167.91000366210938,168.0800018310547,167.80999755859375,168.00909423828125,,28362.0
2022-11-10 14:15:00-05:00,168.0,168.0,167.81100463867188,167.8800048828125,,3698.0
2022-11-10 14:16:00-05:00,167.85000610351562,167.96499633789062,167.69000244140625,167.69000244140625,,11016.0
2022-11-10 14:17:00-05:00,167.64999389648438,167.64999389648438,167.0800018310547,167.08999633789062,,7914.0
2022-11-10 14:18:00-05:00,167.05999755859375,167.05999755859375,166.69000244140625,166.6999969482422,,10028.0
2022-11-10 14:19:00-05:00,166.8000030517578,166.9199981689453,166.6999969482422,166.83999633789062,,13503.0
2022-11-10 14:20:00-05:00,166.83999633789062,167.11000061035156,166.78550720214844,167.02999877929688,,7319.0
2022-11-10 14:21:00-05:00,167.0800018310547,167.08999633789062,166.80999755859375,166.80999755859375,,5631.0
2022-11-10 14:22:00-05:00,166.80999755859375,166.85220336914062,166.77999877929688,166.8376007080078,,5560.0
2022-11-10 14:23:00-05:00,166.83999633789062,166.92999267578125,166.74000549316406,166.89999389648438,,6574.0
2022-11-10 14:24:00-05:00,166.97000122070312,167.03500366210938,166.91000366210938,167.03500366210938,,4854.0
2022-11-10 14:25:00-05:00,167.0050048828125,167.1999969482422,166.97999572753906,167.1999969482422,,3055.0
2022-11-10 14:26:00-05:00,167.1999969482422,167.30990600585938,167.17999267578125,167.30990600585938,,3480.0
2022-11-10 14:27:00-05:00,167.27999877929688,167.4199981689453,167.17999267578125,167.28050231933594,,7117.0
2022-11-10 14:28:00-05:00,167.33999633789062,167.38999938964844,167.25,167.32000732421875,,4040.0
2022-11-10 14:29:00-05:00,167.33999633789062,167.49000549316406,167.25999450683594,167.25999450683594,,5414.0
2022-11-10 14:30:00-05:00,167.25999450683594,167.3000030517578,167.0850067138672,167.0850067138672,,2942.0
2022-11-10 14:31:00-05:00,167.00999450683594,167.02999877929688,166.82000732421875,166.8699951171875,,5102.0
2022-11-10 14:32:00-05:00,166.88999938964844,167.0500030517578,166.8800048828125,167.0260009765625,,4403.0
2022-11-10 14:33:00-05:00,167.1699981689453,167.3000030517578,167.10079956054688,167.17999267578125,,3050.0
2022-11-10 14:34:00-05:00,167.24000549316406,167.33999633789062,167.2001953125,167.33999633789062,,2073.0
2022-11-10 14:35:00-05:00,167.27000427246094,167.30999755859375,167.1999969482422,167.22000122070312,,2547.0
2022-11-10 14:36:00-05:00,167.22000122070312,167.3800048828125,167.1999969482422,167.30499267578125,,4229.0
2022-11-10 14:37:00-05:00,167.32000732421875,167.33999633789062,167.2100067138672,167.32620239257812,,3120.0
2022-11-10 14:38:00-05:00,167.3000030517578,167.3800048828125,167.25,167.27999877929688,,4420.0
2022-11-10 14:39:00-05:00,167.27999877929688,167.39500427246094,167.24000549316406,167.33999633789062,,4102.0
2022-11-10 14:40:00-05:00,167.25999450683594,167.3800048828125,167.25999450683594,167.375,,4216.0
2022-11-10 14:41:00-05:00,167.44000244140625,167.5,167.38999938964844,167.42999267578125,,2852.0
2022-11-10 14:42:00-05:00,167.42999267578125,167.49000549316406,167.3699951171875,167.3699951171875,,2567.0
2022-11-10 14:43:00-05:00,167.47999572753906,167.47999572753906,167.36000061035156,167.36000061035156,,2219.0
2022-11-10 14:44:00-05:00,167.3699951171875,167.4600067138672,167.35000610351562,167.36000061035156,,5415.0
2022-11-10 14:45:00-05:00,167.33999633789062,167.42999267578125,167.23170471191406,167.42999267578125,,3550.0
2022-11-10 14:46:00-05:00,167.3800048828125,167.4799041748047,167.3800048828125,167.4199981689453,,4045.0
2022-11-10 14:47:00-05:00,167.33999633789062,167.36000061035156,167.2700958251953,167.3300018310547,,2711.0
2022-11-10 14:48:00-05:00,167.27000427246094,167.32000732421875,167.125,167.17999267578125,,5982.0
2022-11-10 14:49:00-05:00,167.08999633789062,167.11000061035156,167.07000732421875,167.11000061035156,,1442.0
2022-11-10 14:50:00-05:00,167.10000610351562,167.2259979248047,167.08999633789062,167.16000366210938,,1638.0
2022-11-10 14:51:00-05:00,167.22000122070312,167.24000549316406,167.11000061035156,167.22999572753906,,5314.0
2022-11-10 14:52:00-05:00,167.22999572753906,167.24000549316406,167.125,167.24000549316406,,5811.0
2022-11-10 14:53:00-05:00,167.25,167.25,167.11000061035156,167.24000549316406,,3154.0
2022-11-10 14:54:00-05:00,167.3000030517578,167.3300018310547,167.24339294433594,167.32000732421875,,2454.0
2022-11-10 14:55:00-05:00,167.25999450683594,167.27999877929688,167.11000061035156,167.16000366210938,,4816.0
2022-11-10 14:56:00-05:00,167.13999938964844,167.1999969482422,167.1199951171875,167.14999389648438,,4773.0
2022-11-10 14:57:00-05:00,167.10000610351562,167.1649932861328,167.10000610351562,167.11000061035156,,1718.0
2022-11-10 14:58:00-05:00,167.1999969482422,167.34500122070312,167.11000061035156,167.27999877929688,,8585.0
2022-11-10 14:59:00-05:00,167.33729553222656,167.39999389648438,167.27499389648438,167.33999633789062,,9013.0
2022-11-10 15:00:00-05:00,167.25999450683594,167.36000061035156,167.17999267578125,167.2449951171875,,4770.0
2022-11-10 15:01:00-05:00,167.24000549316406,167.30499267578125,167.24000549316406,167.30499267578125,,1866.0
2022-11-10 15:02:00-05:00,167.3000030517578,167.3000030517578,167.17999267578125,167.17999267578125,,4298.0
2022-11-10 15:03:00-05:00,167.19000244140625,167.35000610351562,167.1699981689453,167.35000610351562,,4749.0
2022-11-10 15:04:00-05:00,167.3000030517578,167.3000030517578,167.24000549316406,167.2490997314453,,3791.0
2022-11-10 15:05:00-05:00,167.30999755859375,167.42999267578125,167.27000427246094,167.42999267578125,,4400.0
2022-11-10 15:06:00-05:00,167.47999572753906,167.7550048828125,167.47999572753906,167.64500427246094,,23633.0
2022-11-10 15:07:00-05:00,167.64999389648438,167.6750030517578,167.49000549316406,167.6009979248047,,12004.0
2022-11-10 15:08:00-05:00,167.6699981689453,167.7899932861328,167.6300048828125,167.67999267578125,,4828.0
2022-11-10 15:09:00-05:00,167.67999267578125,167.9499969482422,167.67999267578125,167.89999389648438,,9000.0
2022-11-10 15:10:00-05:00,167.8800048828125,168.04989624023438,167.85000610351562,167.9199981689453,,10307.0
2022-11-10 15:11:00-05:00,167.91000366210938,168.07000732421875,167.91000366210938,167.94000244140625,,8178.0
2022-11-10 15:12:00-05:00,167.9600067138672,167.99000549316406,167.8300018310547,167.89999389648438,,5898.0
2022-11-10 15:13:00-05:00,167.97000122070312,168.1199951171875,167.9250030517578,168.10000610351562,,7273.0
2022-11-10 15:14:00-05:00,168.1199951171875,168.41000366210938,168.0850067138672,168.36500549316406,,10662.0
2022-11-10 15:15:00-05:00,168.39999389648438,168.4949951171875,168.33999633789062,168.44500732421875,,7731.0
2022-11-10 15:16:00-05:00,168.4499053955078,168.63999938964844,168.29010009765625,168.41000366210938,,18339.0
2022-11-10 15:17:00-05:00,168.33999633789062,168.4600067138672,168.1999969482422,168.24000549316406,,5899.0
2022-11-10 15:18:00-05:00,168.1999969482422,168.30999755859375,168.14999389648438,168.30999755859375,,4922.0
2022-11-10 15:19:00-05:00,168.30499267578125,168.40499877929688,168.24000549316406,168.40499877929688,,4359.0
2022-11-10 15:20:00-05:00,168.36000061035156,168.3699951171875,168.110595703125,168.1699981689453,,16707.0
2022-11-10 15:21:00-05:00,168.2100067138672,168.22000122070312,168.1750030517578,168.19500732421875,,2594.0
2022-11-10 15:22:00-05:00,168.2100067138672,168.25,168.17999267578125,168.17999267578125,,6310.0
2022-11-10 15:23:00-05:00,168.16000366210938,168.19000244140625,168.1199951171875,168.18499755859375,,8767.0
2022-11-10 15:24:00-05:00,168.1999969482422,168.2100067138672,168.05999755859375,168.0850067138672,,5961.0
2022-11-10 15:25:00-05:00,168.0399932861328,168.1199951171875,168.02000427246094,168.02000427246094,,7935.0
2022-11-10 15:26:00-05:00,168.02999877929688,168.10000610351562,168.0,168.08999633789062,,5782.0
2022-11-10 15:27:00-05:00,168.08999633789062,168.1699981689453,168.0572967529297,168.1699981689453,,9347.0
2022-11-10 15:28:00-05:00,168.1699981689453,168.2550048828125,168.08999633789062,168.24000549316406,,16617.0
2022-11-10 15:29:00-05:00,168.24000549316406,168.3892059326172,168.24000549316406,168.30999755859375,,7582.0
2022-11-10 15:30:00-05:00,168.3300018310547,168.4250030517578,168.27999877929688,168.31100463867188,,13668.0
2022-11-10 15:31:00-05:00,168.3699951171875,168.44000244140625,168.2899932861328,168.43499755859375,,9852.0
2022-11-10 15:32:00-05:00,168.39999389648438,168.44000244140625,168.27999877929688,168.30999755859375,,15569.0
2022-11-10 15:33:00-05:00,168.30999755859375,168.4199981689453,168.27999877929688,168.32000732421875,,11302.0
2022-11-10 15:34:00-05:00,168.35000610351562,168.36000061035156,168.24000549316406,168.32000732421875,,7459.0
2022-11-10 15:35:00-05:00,168.32000732421875,168.3699951171875,168.2899932861328,168.3197021484375,,7000.0
2022-11-10 15:36:00-05:00,168.35499572753906,168.44000244140625,168.26100158691406,168.44000244140625,,9252.0
2022-11-10 15:37:00-05:00,168.48809814453125,168.52499389648438,168.4199981689453,168.5019073486328,,8981.0
2022-11-10 15:38:00-05:00,168.55999755859375,168.60000610351562,168.42999267578125,168.60000610351562,,10850.0
2022-11-10 15:39:00-05:00,168.5800018310547,168.69500732421875,168.53900146484375,168.5500030517578,,14767.0
2022-11-10 15:40:00-05:00,168.5399932861328,168.55999755859375,168.3800048828125,168.5500030517578,,18079.0
2022-11-10 15:41:00-05:00,168.5800018310547,168.7100067138672,168.49000549316406,168.7100067138672,,12275.0
2022-11-10 15:42:00-05:00,168.72000122070312,168.8699951171875,168.69500732421875,168.8000030517578,,12066.0
2022-11-10 15:43:00-05:00,168.7899932861328,168.83999633789062,168.7100067138672,168.75999450683594,,16274.0
2022-11-10 15:44:00-05:00,168.77000427246094,168.89999389648438,168.72999572753906,168.74000549316406,,21961.0
2022-11-10 15:45:00-05:00,168.74000549316406,168.7550048828125,168.66000366210938,168.6999969482422,,13276.0
2022-11-10 15:46:00-05:00,168.6999969482422,168.7624969482422,168.5800018310547,168.61000061035156,,17183.0
2022-11-10 15:47:00-05:00,168.61000061035156,168.67999267578125,168.4600067138672,168.50999450683594,,15308.0
2022-11-10 15:48:00-05:00,168.51260375976562,168.57000732421875,168.47999572753906,168.47999572753906,,12360.0
2022-11-10 15:49:00-05:00,168.52000427246094,168.5800018310547,168.47999572753906,168.57000732421875,,15112.0
2022-11-10 15:50:00-05:00,168.5800018310547,168.72000122070312,168.5399932861328,168.63999938964844,,27605.0
2022-11-10 15:51:00-05:00,168.63499450683594,168.67999267578125,168.57000732421875,168.60499572753906,,28138.0
2022-11-10 15:52:00-05:00,168.63999938964844,168.75999450683594,168.60000610351562,168.64999389648438,,18700.0
2022-11-10 15:53:00-05:00,168.67999267578125,168.91000366210938,168.67999267578125,168.88999938964844,,20766.0
2022-11-10 15:54:00-05:00,168.86000061035156,169.27999877929688,168.86000061035156,169.15899658203125,,44712.0
2022-11-10 15:55:00-05:00,169.1699981689453,169.1999969482422,168.44000244140625,168.5500030517578,,36162.0
2022-11-10 15:56:00-05:00,168.5800018310547,168.5800018310547,168.4199981689453,168.48500061035156,,29511.0
2022-11-10 15:57:00-05:00,168.52999877929688,168.5500030517578,168.39999389648438,168.42999267578125,,37619.0
2022-11-10 15:58:00-05:00,168.42999267578125,168.55999755859375,168.4199981689453,168.49000549316406,,52367.0
2022-11-10 15:59:00-05:00,168.5,168.60000610351562,168.32000732421875,168.4499969482422,,111276.0
2022-11-11 09:30:00-05:00,168.30999755859375,168.55999755859375,165.8300018310547,166.22999572753906,,93361.0
2022-11-11 09:31:00-05:00,165.57000732421875,165.64210510253906,165.57000732421875,165.64210510253906,,3876.0
2022-11-11 09:32:00-05:00,166.32339477539062,166.32339477539062,166.0,166.1750030517578,,19285.0
2022-11-11 09:33:00-05:00,165.91769409179688,166.52000427246094,165.91769409179688,166.47999572753906,,9084.0
2022-11-11 09:34:00-05:00,166.72129821777344,166.8437042236328,165.5,165.5,,10571.0
2022-11-11 09:35:00-05:00,165.2899932861328,165.2899932861328,163.6999969482422,164.10000610351562,,26359.0
2022-11-11 09:36:00-05:00,164.3000030517578,164.47000122070312,164.0,164.16000366210938,,16075.0
2022-11-11 09:37:00-05:00,164.0,164.5800018310547,163.75,164.24000549316406,,16508.0
2022-11-11 09:38:00-05:00,164.1999969482422,164.39999389648438,163.70010375976562,164.0500030517578,,13161.0
2022-11-11 09:39:00-05:00,163.9199981689453,163.98309326171875,163.27000427246094,163.35499572753906,,22564.0
2022-11-11 09:40:00-05:00,163.3699951171875,163.5186004638672,163.0,163.33999633789062,,11606.0
2022-11-11 09:41:00-05:00,163.24000549316406,164.1999969482422,163.24000549316406,164.1999969482422,,12248.0
2022-11-11 09:42:00-05:00,164.17999267578125,164.3300018310547,163.30999755859375,163.30999755859375,,13230.0
2022-11-11 09:43:00-05:00,163.39999389648438,163.4600067138672,162.9499969482422,163.1649932861328,,9158.0
2022-11-11 09:44:00-05:00,163.24000549316406,163.64999389648438,163.24000549316406,163.5,,3969.0
2022-11-11 09:45:00-05:00,163.61000061035156,163.63999938964844,163.0946044921875,163.60000610351562,,19839.0
2022-11-11 09:46:00-05:00,163.42999267578125,164.61000061035156,163.38999938964844,164.40260314941406,,11842.0
2022-11-11 09:47:00-05:00,164.47999572753906,164.97000122070312,164.36000061035156,164.82000732421875,,10383.0
2022-11-11 09:48:00-05:00,164.74850463867188,165.14999389648438,164.74850463867188,164.9429931640625,,11258.0
2022-11-11 09:49:00-05:00,164.77890014648438,164.77890014648438,164.25999450683594,164.5850067138672,,9913.0
2022-11-11 09:50:00-05:00,164.7100067138672,165.0,164.4199981689453,164.61000061035156,,14051.0
2022-11-11 09:51:00-05:00,164.65049743652344,165.13229370117188,164.47000122070312,164.80999755859375,,9264.0
2022-11-11 09:52:00-05:00,164.82000732421875,165.0,164.74000549316406,164.9199981689453,,6815.0
2022-11-11 09:53:00-05:00,164.97000122070312,164.99000549316406,164.27000427246094,164.29229736328125,,17896.0
2022-11-11 09:54:00-05:00,164.27389526367188,164.59500122070312,164.20050048828125,164.47000122070312,,6729.0
2022-11-11 09:55:00-05:00,164.47000122070312,164.75,164.47000122070312,164.5590057373047,,10788.0
2022-11-11 09:56:00-05:00,164.75,165.19000244140625,164.69000244140625,164.85000610351562,,15116.0
2022-11-11 09:57:00-05:00,164.75,164.8000030517578,164.22000122070312,164.22000122070312,,7630.0
2022-11-11 09:58:00-05:00,164.3350067138672,164.61000061035156,164.22999572753906,164.27999877929688,,11324.0
2022-11-11 09:59:00-05:00,164.47000122070312,164.58990478515625,163.74000549316406,163.7949981689453,,17286.0
2022-11-11 10:00:00-05:00,163.6999969482422,164.1199951171875,162.74000549316406,164.07730102539062,,46543.0
2022-11-11 10:01:00-05:00,164.12179565429688,164.64500427246094,163.1988983154297,163.4600067138672,,12003.0
2022-11-11 10:02:00-05:00,163.4600067138672,164.07000732421875,163.2700958251953,163.51010131835938,,9678.0
2022-11-11 10:03:00-05:00,163.77000427246094,163.80999755859375,163.36000061035156,163.60499572753906,,5214.0
2022-11-11 10:04:00-05:00,163.49000549316406,163.75,163.35000610351562,163.66000366210938,,6065.0
2022-11-11 10:05:00-05:00,163.94000244140625,164.3000030517578,163.6800994873047,164.2086944580078,,6770.0
2022-11-11 10:06:00-05:00,164.30999755859375,164.9600067138672,164.30999755859375,164.51499938964844,,10090.0
2022-11-11 10:07:00-05:00,164.6699981689453,164.7899932861328,164.05999755859375,164.19000244140625,,7376.0
2022-11-11 10:08:00-05:00,164.24000549316406,164.24000549316406,163.6999969482422,163.83999633789062,,15791.0
2022-11-11 10:09:00-05:00,163.89999389648438,164.13499450683594,163.83999633789062,163.89500427246094,,7340.0
2022-11-11 10:10:00-05:00,164.0500030517578,164.5399932861328,163.80810546875,164.5399932861328,,5793.0
2022-11-11 10:11:00-05:00,164.3300018310547,164.92999267578125,164.3300018310547,164.69000244140625,,10289.0
2022-11-11 10:12:00-05:00,164.77000427246094,164.8300018310547,164.52999877929688,164.52999877929688,,7480.0
2022-11-11 10:13:00-05:00,164.625,164.80999755859375,164.49119567871094,164.6699981689453,,6480.0
2022-11-11 10:14:00-05:00,164.69000244140625,164.86940002441406,164.1699981689453,164.30499267578125,,12000.0
2022-11-11 10:15:00-05:00,164.30499267578125,164.7100067138672,164.1699981689453,164.65499877929688,,8730.0
2022-11-11 10:16:00-05:00,164.6300048828125,164.6300048828125,164.3795928955078,164.5749969482422,,8956.0
2022-11-11 10:17:00-05:00,164.50999450683594,164.74000549316406,164.50999450683594,164.58999633789062,,7690.0
2022-11-11 10:18:00-05:00,164.69000244140625,164.69000244140625,164.36399841308594,164.47999572753906,,11300.0
2022-11-11 10:19:00-05:00,164.2899932861328,164.2899932861328,164.19000244140625,164.27999877929688,,4497.0
2022-11-11 10:20:00-05:00,164.3800048828125,164.3800048828125,164.1699981689453,164.1699981689453,,8510.0
2022-11-11 10:21:00-05:00,164.14999389648438,164.3699951171875,164.14999389648438,164.3300018310547,,7264.0
2022-11-11 10:22:00-05:00,164.32000732421875,164.32000732421875,163.9199981689453,163.9199981689453,,11023.0
2022-11-11 10:23:00-05:00,163.91000366210938,164.24000549316406,163.91000366210938,164.24000549316406,,13113.0
2022-11-11 10:24:00-05:00,164.1699981689453,164.17999267578125,163.77999877929688,163.8300018310547,,6031.0
2022-11-11 10:25:00-05:00,163.82000732421875,163.92999267578125,163.60000610351562,163.89999389648438,,13814.0
2022-11-11 10:26:00-05:00,163.97999572753906,164.26370239257812,163.8800048828125,164.25,,5515.0
2022-11-11 10:27:00-05:00,164.38499450683594,164.52000427246094,164.09959411621094,164.09959411621094,,11391.0
2022-11-11 10:28:00-05:00,164.24000549316406,164.24000549316406,164.0800018310547,164.14999389648438,,3539.0
2022-11-11 10:29:00-05:00,164.1999969482422,164.33999633789062,164.0800018310547,164.33999633789062,,7508.0
2022-11-11 10:30:00-05:00,164.4199981689453,164.59979248046875,164.36000061035156,164.36000061035156,,10636.0
2022-11-11 10:31:00-05:00,164.35000610351562,164.39999389648438,164.22999572753906,164.33999633789062,,8385.0
2022-11-11 10:32:00-05:00,164.35499572753906,164.35499572753906,164.1750030517578,164.1750030517578,,4089.0
2022-11-11 10:33:00-05:00,164.23500061035156,164.63999938964844,164.15499877929688,164.57000732421875,,8324.0
2022-11-11 10:34:00-05:00,164.66000366210938,165.0,164.66000366210938,164.76280212402344,,11605.0
2022-11-11 10:35:00-05:00,164.83999633789062,165.0299072265625,164.44000244140625,164.44000244140625,,12634.0
2022-11-11 10:36:00-05:00,164.47999572753906,164.47999572753906,164.30999755859375,164.42100524902344,,2921.0
2022-11-11 10:37:00-05:00,164.38999938964844,164.38999938964844,164.0601043701172,164.27490234375,,5076.0
2022-11-11 10:38:00-05:00,164.30999755859375,164.58999633789062,164.30999755859375,164.58999633789062,,5621.0
2022-11-11 10:39:00-05:00,164.64999389648438,164.86990356445312,164.59500122070312,164.66859436035156,,6347.0
2022-11-11 10:40:00-05:00,164.8000030517578,165.0,164.75999450683594,164.89999389648438,,8469.0
2022-11-11 10:41:00-05:00,164.89999389648438,164.99000549316406,164.72000122070312,164.9250030517578,,5317.0
2022-11-11 10:42:00-05:00,164.85499572753906,164.88999938964844,164.69009399414062,164.69009399414062,,3055.0
2022-11-11 10:43:00-05:00,164.7100067138672,164.72999572753906,164.58999633789062,164.6999969482422,,7026.0
2022-11-11 10:44:00-05:00,164.67999267578125,165.12860107421875,164.67999267578125,165.0500030517578,,17711.0
2022-11-11 10:45:00-05:00,165.0,165.02499389648438,164.80999755859375,164.82000732421875,,6390.0
2022-11-11 10:46:00-05:00,164.80999755859375,165.00999450683594,164.7050018310547,164.98849487304688,,7997.0
2022-11-11 10:47:00-05:00,164.97000122070312,165.0,164.72000122070312,164.9600067138672,,10619.0
2022-11-11 10:48:00-05:00,164.9600067138672,165.0449981689453,164.92999267578125,165.02000427246094,,8816.0
2022-11-11 10:49:00-05:00,165.02000427246094,165.16000366210938,165.00999450683594,165.15989685058594,,7328.0
2022-11-11 10:50:00-05:00,165.05999755859375,165.1002960205078,164.75999450683594,164.8800048828125,,7485.0
2022-11-11 10:51:00-05:00,164.7100067138672,164.72999572753906,164.5399932861328,164.5399932861328,,3976.0
2022-11-11 10:52:00-05:00,164.5449981689453,164.69000244140625,164.52499389648438,164.58990478515625,,5260.0
2022-11-11 10:53:00-05:00,164.5,164.58999633789062,164.39999389648438,164.5225067138672,,6836.0
2022-11-11 10:54:00-05:00,164.35000610351562,164.47000122070312,164.27000427246094,164.27000427246094,,6232.0
2022-11-11 10:55:00-05:00,164.22000122070312,164.24000549316406,163.9326934814453,163.98500061035156,,9080.0
2022-11-11 10:56:00-05:00,163.97999572753906,164.0832061767578,163.97500610351562,164.0832061767578,,1405.0
2022-11-11 10:57:00-05:00,164.22340393066406,164.2899932861328,164.22340393066406,164.2899932861328,,5989.0
2022-11-11 10:58:00-05:00,164.25070190429688,164.42999267578125,164.25070190429688,164.38499450683594,,4091.0
2022-11-11 10:59:00-05:00,164.36000061035156,164.61000061035156,164.2100067138672,164.5,,6151.0
2022-11-11 11:00:00-05:00,164.69000244140625,165.01499938964844,164.66000366210938,165.0,,10393.0
2022-11-11 11:01:00-05:00,164.91000366210938,165.0,164.8300018310547,164.9600067138672,,3622.0
2022-11-11 11:02:00-05:00,165.0,165.0500030517578,164.8800048828125,165.0,,7275.0
2022-11-11 11:03:00-05:00,164.99000549316406,165.05999755859375,164.89999389648438,164.89999389648438,,8436.0
2022-11-11 11:04:00-05:00,164.99000549316406,165.00999450683594,164.85000610351562,164.9949951171875,,4204.0
2022-11-11 11:05:00-05:00,165.02999877929688,165.36000061035156,165.0,165.25999450683594,,17838.0
2022-11-11 11:06:00-05:00,165.1699981689453,165.18800354003906,165.0,165.072998046875,,10909.0
2022-11-11 11:07:00-05:00,165.02999877929688,165.05999755859375,164.83999633789062,165.02000427246094,,6808.0
2022-11-11 11:08:00-05:00,164.99000549316406,164.99000549316406,164.54010009765625,164.54010009765625,,1740.0
2022-11-11 11:09:00-05:00,164.57000732421875,164.57000732421875,164.2899932861328,164.32049560546875,,6439.0
2022-11-11 11:10:00-05:00,164.27999877929688,164.30999755859375,164.16000366210938,164.22000122070312,,4242.0
2022-11-11 11:11:00-05:00,164.27000427246094,164.47000122070312,164.24000549316406,164.37879943847656,,7038.0
2022-11-11 11:12:00-05:00,164.27000427246094,164.49000549316406,164.2449951171875,164.33999633789062,,5264.0
2022-11-11 11:13:00-05:00,164.32000732421875,164.50999450683594,164.32000732421875,164.44000244140625,,3628.0
2022-11-11 11:14:00-05:00,164.4600067138672,164.5399932861328,164.22000122070312,164.22000122070312,,4524.0
2022-11-11 11:15:00-05:00,164.17999267578125,164.17999267578125,163.7725067138672,163.7725067138672,,9449.0
2022-11-11 11:16:00-05:00,163.8000030517578,164.11000061035156,163.8000030517578,163.9302978515625,,3811.0
2022-11-11 11:17:00-05:00,164.02000427246094,164.44000244140625,163.968994140625,164.43960571289062,,4417.0
2022-11-11 11:18:00-05:00,164.66900634765625,164.69349670410156,164.5850067138672,164.64599609375,,4298.0
2022-11-11 11:19:00-05:00,164.82000732421875,165.10000610351562,164.82000732421875,165.0,,4447.0
2022-11-11 11:20:00-05:00,164.99000549316406,165.07000732421875,164.79249572753906,164.92999267578125,,17337.0
2022-11-11 11:21:00-05:00,165.0,165.05999755859375,164.7899932861328,164.8300018310547,,5972.0
2022-11-11 11:22:00-05:00,164.85000610351562,164.85049438476562,164.57009887695312,164.82000732421875,,7485.0
2022-11-11 11:23:00-05:00,164.75399780273438,164.85000610351562,164.72999572753906,164.74000549316406,,3153.0
2022-11-11 11:24:00-05:00,164.6699981689453,164.83999633789062,164.63999938964844,164.66000366210938,,3013.0
2022-11-11 11:25:00-05:00,164.80859375,164.92999267578125,164.8000030517578,164.8000030517578,,5864.0
2022-11-11 11:26:00-05:00,164.8800048828125,164.94000244140625,164.32000732421875,164.32040405273438,,6059.0
2022-11-11 11:27:00-05:00,164.3699951171875,164.3699951171875,164.1820068359375,164.1820068359375,,1436.0
2022-11-11 11:28:00-05:00,164.23330688476562,164.36000061035156,164.10000610351562,164.1699981689453,,3314.0
2022-11-11 11:29:00-05:00,164.13999938964844,164.22000122070312,163.97999572753906,164.0,,6908.0
2022-11-11 11:30:00-05:00,163.9600067138672,164.10400390625,163.94000244140625,164.02000427246094,,3802.0
2022-11-11 11:31:00-05:00,164.00999450683594,164.3699951171875,164.0,164.14010620117188,,7234.0
2022-11-11 11:32:00-05:00,164.33999633789062,164.5,164.33999633789062,164.38999938964844,,4404.0
2022-11-11 11:33:00-05:00,164.50999450683594,164.63999938964844,164.42999267578125,164.51010131835938,,6576.0
2022-11-11 11:34:00-05:00,164.72000122070312,164.92999267578125,164.72000122070312,164.89500427246094,,5213.0
2022-11-11 11:35:00-05:00,164.80999755859375,165.02999877929688,164.7899932861328,165.02999877929688,,10102.0
2022-11-11 11:36:00-05:00,165.0102996826172,165.0102996826172,164.83189392089844,164.83189392089844,,4989.0
2022-11-11 11:37:00-05:00,164.8699951171875,165.0,164.8300018310547,164.88999938964844,,4620.0
2022-11-11 11:38:00-05:00,164.9600067138672,165.00999450683594,164.83999633789062,164.91000366210938,,5806.0
2022-11-11 11:39:00-05:00,164.99000549316406,165.00999450683594,164.8300018310547,164.88999938964844,,5640.0
2022-11-11 11:40:00-05:00,164.82000732421875,165.07000732421875,164.68499755859375,165.02999877929688,,7674.0
2022-11-11 11:41:00-05:00,164.9600067138672,165.1094970703125,164.9199981689453,165.0399932861328,,12264.0
2022-11-11 11:42:00-05:00,165.0500030517578,165.13999938964844,165.0050048828125,165.0399932861328,,11536.0
2022-11-11 11:43:00-05:00,165.01499938964844,165.19000244140625,165.0050048828125,165.0850067138672,,8225.0
2022-11-11 11:44:00-05:00,165.0050048828125,165.2899932861328,165.0050048828125,165.2324981689453,,7923.0
2022-11-11 11:45:00-05:00,165.27999877929688,165.27999877929688,165.1717987060547,165.2050018310547,,3815.0
2022-11-11 11:46:00-05:00,165.1999969482422,165.35000610351562,165.1999969482422,165.2550048828125,,4560.0
2022-11-11 11:47:00-05:00,165.17999267578125,165.35000610351562,165.1300048828125,165.19000244140625,,5454.0
2022-11-11 11:48:00-05:00,165.10499572753906,165.36489868164062,165.07000732421875,165.3249969482422,,3476.0
2022-11-11 11:49:00-05:00,165.38290405273438,165.6999969482422,165.36599731445312,165.6999969482422,,10021.0
2022-11-11 11:50:00-05:00,165.7899932861328,166.0449981689453,165.75999450683594,165.97999572753906,,9576.0
2022-11-11 11:51:00-05:00,166.0,166.10000610351562,165.9969024658203,166.0998992919922,,2613.0
2022-11-11 11:52:00-05:00,166.0189971923828,166.14999389648438,166.0189971923828,166.11500549316406,,4576.0
2022-11-11 11:53:00-05:00,166.11500549316406,166.38999938964844,166.05999755859375,166.3350067138672,,5507.0
2022-11-11 11:54:00-05:00,166.24009704589844,166.5,166.24009704589844,166.3800048828125,,6176.0
2022-11-11 11:55:00-05:00,166.30999755859375,166.3350067138672,166.2949981689453,166.2949981689453,,2065.0
2022-11-11 11:56:00-05:00,166.37570190429688,166.41000366210938,166.30999755859375,166.41000366210938,,3122.0
2022-11-11 11:57:00-05:00,166.36000061035156,166.60499572753906,166.35000610351562,166.48500061035156,,9177.0
2022-11-11 11:58:00-05:00,166.48500061035156,166.5312957763672,166.44500732421875,166.5,,3764.0
2022-11-11 11:59:00-05:00,166.57000732421875,166.72000122070312,166.57000732421875,166.6699981689453,,9806.0
2022-11-11 12:00:00-05:00,166.64999389648438,166.64999389648438,166.2700958251953,166.38999938964844,,8651.0
2022-11-11 12:01:00-05:00,166.25,166.6761932373047,166.2100067138672,166.6761932373047,,7557.0
2022-11-11 12:02:00-05:00,166.53500366210938,166.53500366210938,166.2375030517578,166.30999755859375,,3672.0
2022-11-11 12:03:00-05:00,166.4199981689453,166.63999938964844,166.33009338378906,166.63999938964844,,4013.0
2022-11-11 12:04:00-05:00,166.63999938964844,166.74380493164062,166.3800048828125,166.57000732421875,,5412.0
2022-11-11 12:05:00-05:00,166.5,166.61990356445312,166.42129516601562,166.5449981689453,,4648.0
2022-11-11 12:06:00-05:00,166.49530029296875,166.5449981689453,166.4499969482422,166.5449981689453,,3899.0
2022-11-11 12:07:00-05:00,166.47999572753906,166.61639404296875,166.4600067138672,166.51499938964844,,2460.0
2022-11-11 12:08:00-05:00,166.55999755859375,166.57000732421875,166.5,166.52999877929688,,2230.0
2022-11-11 12:09:00-05:00,166.5500030517578,166.69000244140625,166.44000244140625,166.57000732421875,,14742.0
2022-11-11 12:10:00-05:00,166.77000427246094,166.8800048828125,166.72000122070312,166.85000610351562,,7749.0
2022-11-11 12:11:00-05:00,166.77999877929688,166.89540100097656,166.77999877929688,166.875,,3890.0
2022-11-11 12:12:00-05:00,166.80999755859375,166.99000549316406,166.80999755859375,166.99000549316406,,3421.0
2022-11-11 12:13:00-05:00,166.97509765625,167.26400756835938,166.88999938964844,167.24000549316406,,8879.0
2022-11-11 12:14:00-05:00,167.0500030517578,167.17999267578125,167.0,167.07550048828125,,7742.0
2022-11-11 12:15:00-05:00,167.1199951171875,167.22999572753906,167.08999633789062,167.15499877929688,,4763.0
2022-11-11 12:16:00-05:00,167.16000366210938,167.21499633789062,167.10000610351562,167.21499633789062,,3052.0
2022-11-11 12:17:00-05:00,167.2550048828125,167.2550048828125,167.1199951171875,167.1199951171875,,2102.0
2022-11-11 12:18:00-05:00,167.24000549316406,167.35459899902344,167.2100067138672,167.35459899902344,,1880.0
2022-11-11 12:19:00-05:00,167.3800048828125,167.41000366210938,167.2899932861328,167.3699951171875,,3424.0
2022-11-11 12:20:00-05:00,167.33099365234375,167.33099365234375,166.89999389648438,166.89999389648438,,6318.0
2022-11-11 12:21:00-05:00,167.0,167.05050659179688,166.88499450683594,166.88499450683594,,2317.0
2022-11-11 12:22:00-05:00,166.89999389648438,167.14999389648438,166.7899932861328,167.14990234375,,3374.0
2022-11-11 12:23:00-05:00,167.1199951171875,167.1199951171875,166.97000122070312,167.00999450683594,,3893.0
2022-11-11 12:24:00-05:00,166.91000366210938,167.13499450683594,166.91000366210938,167.11720275878906,,2878.0
2022-11-11 12:25:00-05:00,167.0399932861328,167.0800018310547,167.0,167.03500366210938,,966.0
2022-11-11 12:26:00-05:00,167.02999877929688,167.10000610351562,166.9499969482422,167.10000610351562,,6155.0
2022-11-11 12:27:00-05:00,167.2100067138672,167.3249969482422,167.2100067138672,167.25999450683594,,3696.0
2022-11-11 12:28:00-05:00,167.1199951171875,167.24000549316406,167.1199951171875,167.24000549316406,,699.0
2022-11-11 12:29:00-05:00,167.22000122070312,167.24000549316406,167.0659942626953,167.1999969482422,,3573.0
2022-11-11 12:30:00-05:00,167.22999572753906,167.27000427246094,167.1199951171875,167.27000427246094,,2001.0
2022-11-11 12:31:00-05:00,167.25,167.47000122070312,167.25,167.32000732421875,,4279.0
2022-11-11 12:32:00-05:00,167.4499969482422,167.52000427246094,167.42999267578125,167.44000244140625,,3643.0
2022-11-11 12:33:00-05:00,167.50619506835938,167.50619506835938,167.27000427246094,167.39500427246094,,10106.0
2022-11-11 12:34:00-05:00,167.4774932861328,167.4774932861328,167.36810302734375,167.44000244140625,,1618.0
2022-11-11 12:35:00-05:00,167.3459014892578,167.6199951171875,167.3459014892578,167.58999633789062,,5876.0
2022-11-11 12:36:00-05:00,167.6199951171875,167.9600067138672,167.6199951171875,167.88499450683594,,9051.0
2022-11-11 12:37:00-05:00,167.88999938964844,168.27000427246094,167.88999938964844,168.1300048828125,,25105.0
2022-11-11 12:38:00-05:00,168.1750030517578,168.30499267578125,168.1750030517578,168.30499267578125,,5652.0
2022-11-11 12:39:00-05:00,168.28500366210938,168.2949981689453,168.08380126953125,168.13999938964844,,4698.0
2022-11-11 12:40:00-05:00,168.1199951171875,168.25,168.02000427246094,168.2100067138672,,6810.0
2022-11-11 12:41:00-05:00,168.25,168.43780517578125,168.22000122070312,168.360595703125,,6816.0
2022-11-11 12:42:00-05:00,168.1999969482422,168.72000122070312,168.1999969482422,168.60000610351562,,18500.0
2022-11-11 12:43:00-05:00,168.6699981689453,168.77000427246094,168.60499572753906,168.66000366210938,,10451.0
2022-11-11 12:44:00-05:00,168.74000549316406,168.9499969482422,168.74000549316406,168.9499969482422,,7760.0
2022-11-11 12:45:00-05:00,168.92999267578125,168.99000549316406,168.84210205078125,168.88999938964844,,14712.0
2022-11-11 12:46:00-05:00,168.88499450683594,168.9499969482422,168.6199951171875,168.7899932861328,,21644.0
2022-11-11 12:47:00-05:00,168.86500549316406,168.9600067138672,168.8000030517578,168.8800048828125,,5607.0
2022-11-11 12:48:00-05:00,168.8300018310547,168.89999389648438,168.77000427246094,168.89500427246094,,2789.0
2022-11-11 12:49:00-05:00,168.83999633789062,169.02999877929688,168.75999450683594,169.02999877929688,,21861.0
2022-11-11 12:50:00-05:00,169.0500030517578,169.1649932861328,169.02999877929688,169.125,,7604.0
2022-11-11 12:51:00-05:00,169.125,169.125,168.85000610351562,168.99000549316406,,7126.0
2022-11-11 12:52:00-05:00,169.01499938964844,169.01499938964844,168.67999267578125,168.6999969482422,,7296.0
2022-11-11 12:53:00-05:00,168.72000122070312,168.86000061035156,168.72000122070312,168.8350067138672,,2342.0
2022-11-11 12:54:00-05:00,168.88999938964844,168.88999938964844,168.83999633789062,168.875,,990.0
2022-11-11 12:55:00-05:00,168.85000610351562,169.05999755859375,168.85000610351562,168.97999572753906,,2547.0
2022-11-11 12:56:00-05:00,169.0399932861328,169.27000427246094,169.0200958251953,169.23500061035156,,4474.0
2022-11-11 12:57:00-05:00,169.19830322265625,169.40530395507812,169.19830322265625,169.35000610351562,,5446.0
2022-11-11 12:58:00-05:00,169.30999755859375,169.47999572753906,169.2899932861328,169.4302978515625,,6582.0
2022-11-11 12:59:00-05:00,169.47999572753906,169.58999633789062,169.38999938964844,169.5,,10507.0
2022-11-11 13:00:00-05:00,169.3699951171875,169.5,169.3699951171875,169.37640380859375,,2824.0
2022-11-11 13:01:00-05:00,169.5,169.57000732421875,169.4199981689453,169.5399932861328,,2981.0
2022-11-11 13:02:00-05:00,169.55999755859375,169.73500061035156,169.51100158691406,169.6999969482422,,8666.0
2022-11-11 13:03:00-05:00,169.74000549316406,169.8000030517578,169.6699981689453,169.69000244140625,,7896.0
2022-11-11 13:04:00-05:00,169.63999938964844,169.73500061035156,169.60000610351562,169.61500549316406,,4549.0
2022-11-11 13:05:00-05:00,169.67999267578125,169.67999267578125,169.6199951171875,169.66319274902344,,2846.0
2022-11-11 13:06:00-05:00,169.69000244140625,169.75,169.59320068359375,169.75,,5338.0
2022-11-11 13:07:00-05:00,169.75,169.83999633789062,169.6999969482422,169.83999633789062,,5133.0
2022-11-11 13:08:00-05:00,169.85000610351562,169.96499633789062,169.8000030517578,169.94000244140625,,6320.0
2022-11-11 13:09:00-05:00,169.9600067138672,170.4250030517578,169.91000366210938,170.25,,54665.0
2022-11-11 13:10:00-05:00,170.36000061035156,170.5800018310547,170.30999755859375,170.33999633789062,,9811.0
2022-11-11 13:11:00-05:00,170.2200927734375,170.4550018310547,170.2200927734375,170.3896026611328,,7863.0
2022-11-11 13:12:00-05:00,170.47999572753906,170.47999572753906,170.33999633789062,170.36000061035156,,3561.0
2022-11-11 13:13:00-05:00,170.3618927001953,170.3618927001953,170.28500366210938,170.33999633789062,,4190.0
2022-11-11 13:14:00-05:00,170.35000610351562,170.3780975341797,170.27000427246094,170.3780975341797,,4674.0
2022-11-11 13:15:00-05:00,170.3350067138672,170.3800048828125,170.27000427246094,170.3800048828125,,6033.0
2022-11-11 13:16:00-05:00,170.38999938964844,170.63999938964844,170.38999938964844,170.48500061035156,,13858.0
2022-11-11 13:17:00-05:00,170.47000122070312,170.5399932861328,170.4199981689453,170.47000122070312,,4844.0
2022-11-11 13:18:00-05:00,170.5500030517578,170.5850067138672,170.5399932861328,170.5850067138672,,1718.0
2022-11-11 13:19:00-05:00,170.5782928466797,170.75,170.57009887695312,170.67999267578125,,20237.0
2022-11-11 13:20:00-05:00,170.67999267578125,170.86000061035156,170.60009765625,170.8249053955078,,6572.0
2022-11-11 13:21:00-05:00,170.77000427246094,170.8800048828125,170.75,170.8800048828125,,6225.0
2022-11-11 13:22:00-05:00,170.77000427246094,171.11500549316406,170.77000427246094,171.03500366210938,,15367.0
2022-11-11 13:23:00-05:00,171.0,171.0,170.66000366210938,170.92649841308594,,8336.0
2022-11-11 13:24:00-05:00,170.98500061035156,171.0998992919922,170.91000366210938,171.0998992919922,,3394.0
2022-11-11 13:25:00-05:00,171.02999877929688,171.11000061035156,170.91000366210938,170.97500610351562,,4573.0
2022-11-11 13:26:00-05:00,171.0,171.0399932861328,170.91009521484375,170.9600067138672,,4504.0
2022-11-11 13:27:00-05:00,170.99940490722656,171.08169555664062,170.92999267578125,171.0,,5180.0
2022-11-11 13:28:00-05:00,171.02000427246094,171.1699981689453,170.9199981689453,171.0,,6649.0
2022-11-11 13:29:00-05:00,170.98959350585938,171.15499877929688,170.98959350585938,171.10000610351562,,1873.0
2022-11-11 13:30:00-05:00,171.1199951171875,171.25,171.05389404296875,171.14999389648438,,8519.0
2022-11-11 13:31:00-05:00,171.1199951171875,171.1999969482422,171.0800018310547,171.1300048828125,,5042.0
2022-11-11 13:32:00-05:00,171.11000061035156,171.25999450683594,171.11000061035156,171.2100067138672,,8287.0
2022-11-11 13:33:00-05:00,171.18589782714844,171.38499450683594,171.18589782714844,171.2449951171875,,8108.0
2022-11-11 13:34:00-05:00,171.14999389648438,171.38499450683594,171.14999389648438,171.2550048828125,,12365.0
2022-11-11 13:35:00-05:00,171.25,171.25999450683594,170.94009399414062,170.99000549316406,,11567.0
2022-11-11 13:36:00-05:00,170.9499969482422,171.14990234375,170.74049377441406,170.89999389648438,,11432.0
2022-11-11 13:37:00-05:00,170.91000366210938,170.91000366210938,170.67999267578125,170.78280639648438,,5998.0
2022-11-11 13:38:00-05:00,170.67999267578125,170.7100067138672,170.5,170.61000061035156,,14148.0
2022-11-11 13:39:00-05:00,170.5500030517578,170.80999755859375,170.5399932861328,170.80999755859375,,9388.0
2022-11-11 13:40:00-05:00,170.82000732421875,170.99989318847656,170.82000732421875,170.8699951171875,,3280.0
2022-11-11 13:41:00-05:00,170.90499877929688,170.90499877929688,170.69000244140625,170.7008056640625,,4917.0
2022-11-11 13:42:00-05:00,170.75,170.80999755859375,170.63999938964844,170.66000366210938,,3721.0
2022-11-11 13:43:00-05:00,170.6199951171875,170.72999572753906,170.61000061035156,170.6750030517578,,9209.0
2022-11-11 13:44:00-05:00,170.61000061035156,170.66000366210938,170.5500030517578,170.64999389648438,,6215.0
2022-11-11 13:45:00-05:00,170.60000610351562,170.69920349121094,170.58999633789062,170.58999633789062,,6562.0
2022-11-11 13:46:00-05:00,170.58999633789062,170.67999267578125,170.57000732421875,170.58999633789062,,5590.0
2022-11-11 13:47:00-05:00,170.5800018310547,170.5800018310547,170.3699951171875,170.53810119628906,,8611.0
2022-11-11 13:48:00-05:00,170.53500366210938,170.53500366210938,170.3350067138672,170.3350067138672,,2559.0
2022-11-11 13:49:00-05:00,170.3800048828125,170.47999572753906,170.3800048828125,170.42999267578125,,2100.0
2022-11-11 13:50:00-05:00,170.38319396972656,170.40499877929688,170.3000030517578,170.3350067138672,,2921.0
2022-11-11 13:51:00-05:00,170.42999267578125,170.57470703125,170.42999267578125,170.54100036621094,,2760.0
2022-11-11 13:52:00-05:00,170.58999633789062,170.61500549316406,170.42010498046875,170.5050048828125,,3376.0
2022-11-11 13:53:00-05:00,170.52000427246094,170.58999633789062,170.44000244140625,170.5800018310547,,3319.0
2022-11-11 13:54:00-05:00,170.60000610351562,170.6300048828125,170.5,170.52999877929688,,3311.0
2022-11-11 13:55:00-05:00,170.47999572753906,170.52499389648438,170.47999572753906,170.51499938964844,,1932.0
2022-11-11 13:56:00-05:00,170.57000732421875,170.58999633789062,170.49000549316406,170.50999450683594,,2051.0
2022-11-11 13:57:00-05:00,170.44000244140625,170.52000427246094,170.3699951171875,170.37010192871094,,4619.0
2022-11-11 13:58:00-05:00,170.42999267578125,170.52999877929688,170.36000061035156,170.52000427246094,,3950.0
2022-11-11 13:59:00-05:00,170.46499633789062,170.60000610351562,170.46499633789062,170.60000610351562,,5763.0
2022-11-11 14:00:00-05:00,170.64559936523438,170.66000366210938,170.56019592285156,170.58999633789062,,2599.0
2022-11-11 14:01:00-05:00,170.63999938964844,170.69459533691406,170.50010681152344,170.50010681152344,,6632.0
2022-11-11 14:02:00-05:00,170.51559448242188,170.64500427246094,170.39999389648438,170.4185028076172,,3967.0
2022-11-11 14:03:00-05:00,170.4149932861328,170.4149932861328,170.4149932861328,170.4149932861328,,299.0
2022-11-11 14:04:00-05:00,170.46009826660156,170.82000732421875,170.46009826660156,170.82000732421875,,6604.0
2022-11-11 14:05:00-05:00,170.8000030517578,171.0500030517578,170.8000030517578,171.0500030517578,,6507.0
2022-11-11 14:06:00-05:00,171.0,171.07440185546875,170.6999969482422,170.75,,8377.0
2022-11-11 14:07:00-05:00,170.86000061035156,171.0749969482422,170.77999877929688,171.00779724121094,,5636.0
2022-11-11 14:08:00-05:00,171.07000732421875,171.3300018310547,171.0,171.27000427246094,,9017.0
2022-11-11 14:09:00-05:00,171.24000549316406,171.2698974609375,171.11000061035156,171.2635955810547,,5653.0
2022-11-11 14:10:00-05:00,171.17999267578125,171.28529357910156,171.14999389648438,171.28529357910156,,4791.0
2022-11-11 14:11:00-05:00,171.13999938964844,171.17999267578125,171.02999877929688,171.02999877929688,,4990.0
2022-11-11 14:12:00-05:00,171.0500030517578,171.1999969482422,171.02999877929688,171.19000244140625,,4209.0
2022-11-11 14:13:00-05:00,171.11000061035156,171.13999938964844,171.07000732421875,171.1300048828125,,4276.0
2022-11-11 14:14:00-05:00,171.0749969482422,171.17999267578125,171.0500030517578,171.17999267578125,,3465.0
2022-11-11 14:15:00-05:00,171.0800018310547,171.1300048828125,171.05999755859375,171.08009338378906,,2943.0
2022-11-11 14:16:00-05:00,171.14999389648438,171.2100067138672,171.13999938964844,171.13999938964844,,2855.0
2022-11-11 14:17:00-05:00,171.13999938964844,171.14500427246094,170.95010375976562,171.0,,8331.0
2022-11-11 14:18:00-05:00,171.03500366210938,171.0399932861328,170.97000122070312,171.0399932861328,,2340.0
2022-11-11 14:19:00-05:00,171.10000610351562,171.16000366210938,170.9600067138672,171.16000366210938,,7532.0
2022-11-11 14:20:00-05:00,171.1300048828125,171.3000030517578,171.110107421875,171.2550048828125,,8328.0
2022-11-11 14:21:00-05:00,171.2899932861328,171.5749969482422,171.2899932861328,171.5177001953125,,9500.0
2022-11-11 14:22:00-05:00,171.51499938964844,171.77999877929688,171.47999572753906,171.77999877929688,,13353.0
2022-11-11 14:23:00-05:00,171.72999572753906,171.72999572753906,171.4250030517578,171.51499938964844,,7366.0
2022-11-11 14:24:00-05:00,171.5399932861328,171.60000610351562,171.45889282226562,171.5998992919922,,7308.0
2022-11-11 14:25:00-05:00,171.52999877929688,171.55999755859375,171.47999572753906,171.50999450683594,,3504.0
2022-11-11 14:26:00-05:00,171.45199584960938,171.60000610351562,171.38079833984375,171.60000610351562,,6283.0
2022-11-11 14:27:00-05:00,171.61000061035156,171.61000061035156,171.41000366210938,171.41000366210938,,3042.0
2022-11-11 14:28:00-05:00,171.4550018310547,171.57000732421875,171.4550018310547,171.55580139160156,,1582.0
2022-11-11 14:29:00-05:00,171.50999450683594,171.6300048828125,171.50999450683594,171.5800018310547,,3498.0
2022-11-11 14:30:00-05:00,171.6300048828125,171.64999389648438,171.50999450683594,171.58999633789062,,5846.0
2022-11-11 14:31:00-05:00,171.5991973876953,171.72000122070312,171.5399932861328,171.72000122070312,,5819.0
2022-11-11 14:32:00-05:00,171.7100067138672,171.77999877929688,171.6699981689453,171.69000244140625,,4741.0
2022-11-11 14:33:00-05:00,171.68150329589844,171.74000549316406,171.67999267578125,171.6999969482422,,3896.0
2022-11-11 14:34:00-05:00,171.72999572753906,171.72999572753906,171.50999450683594,171.57000732421875,,6834.0
2022-11-11 14:35:00-05:00,171.61000061035156,171.61000061035156,171.47999572753906,171.50999450683594,,3518.0
2022-11-11 14:36:00-05:00,171.5279998779297,171.5449981689453,171.3800048828125,171.47000122070312,,5891.0
2022-11-11 14:37:00-05:00,171.47999572753906,171.47999572753906,171.3699951171875,171.41000366210938,,1653.0
2022-11-11 14:38:00-05:00,171.4250030517578,171.47999572753906,171.25,171.3000030517578,,8411.0
2022-11-11 14:39:00-05:00,171.25,171.3249969482422,171.24000549316406,171.3249969482422,,2799.0
2022-11-11 14:40:00-05:00,171.35499572753906,171.42999267578125,171.35499572753906,171.4199981689453,,5016.0
2022-11-11 14:41:00-05:00,171.4499969482422,171.4499969482422,171.2050018310547,171.2050018310547,,6573.0
2022-11-11 14:42:00-05:00,171.1699981689453,171.2100067138672,171.10000610351562,171.19000244140625,,3983.0
2022-11-11 14:43:00-05:00,171.16000366210938,171.3800048828125,171.16000366210938,171.30079650878906,,4684.0
2022-11-11 14:44:00-05:00,171.3350067138672,171.33999633789062,171.2899932861328,171.2899932861328,,869.0
2022-11-11 14:45:00-05:00,171.36000061035156,171.3699951171875,171.28500366210938,171.3699951171875,,2335.0
2022-11-11 14:46:00-05:00,171.33999633789062,171.42999267578125,171.26010131835938,171.34500122070312,,4689.0
2022-11-11 14:47:00-05:00,171.35000610351562,171.40499877929688,171.27999877929688,171.27999877929688,,4399.0
2022-11-11 14:48:00-05:00,171.3699951171875,171.3699951171875,171.31500244140625,171.36000061035156,,1435.0
2022-11-11 14:49:00-05:00,171.39999389648438,171.49000549316406,171.39999389648438,171.49000549316406,,2312.0
2022-11-11 14:50:00-05:00,171.47000122070312,171.5500030517578,171.42999267578125,171.51499938964844,,9400.0
2022-11-11 14:51:00-05:00,171.52000427246094,171.72000122070312,171.50750732421875,171.6199951171875,,12093.0
2022-11-11 14:52:00-05:00,171.69000244140625,171.74000549316406,171.65870666503906,171.7373046875,,4864.0
2022-11-11 14:53:00-05:00,171.74000549316406,171.9499969482422,171.74000549316406,171.91769409179688,,13734.0
2022-11-11 14:54:00-05:00,171.82000732421875,171.8300018310547,171.80499267578125,171.81790161132812,,1735.0
2022-11-11 14:55:00-05:00,171.80999755859375,172.0590057373047,171.77999877929688,171.88999938964844,,29112.0
2022-11-11 14:56:00-05:00,171.89999389648438,171.9550018310547,171.8699951171875,171.92999267578125,,4472.0
2022-11-11 14:57:00-05:00,171.88999938964844,172.0050048828125,171.86500549316406,172.0050048828125,,4203.0
2022-11-11 14:58:00-05:00,172.00250244140625,172.0800018310547,171.92999267578125,172.0758056640625,,12030.0
2022-11-11 14:59:00-05:00,172.10000610351562,172.13499450683594,172.00999450683594,172.00999450683594,,5596.0
2022-11-11 15:00:00-05:00,172.0399932861328,172.10000610351562,171.77999877929688,171.86000061035156,,10008.0
2022-11-11 15:01:00-05:00,171.8300018310547,171.89500427246094,171.77999877929688,171.77999877929688,,4345.0
2022-11-11 15:02:00-05:00,171.7899932861328,171.85000610351562,171.6999969482422,171.8249969482422,,6557.0
2022-11-11 15:03:00-05:00,171.72000122070312,171.7624969482422,171.42999267578125,171.42999267578125,,7581.0
2022-11-11 15:04:00-05:00,171.36500549316406,171.4600067138672,171.32000732421875,171.44000244140625,,4037.0
2022-11-11 15:05:00-05:00,171.4199981689453,171.44000244140625,171.14999389648438,171.14999389648438,,6908.0
2022-11-11 15:06:00-05:00,171.1300048828125,171.22500610351562,171.0800018310547,171.125,,6708.0
2022-11-11 15:07:00-05:00,171.13999938964844,171.3699951171875,171.1300048828125,171.25999450683594,,11425.0
2022-11-11 15:08:00-05:00,171.2899932861328,171.2899932861328,170.93499755859375,170.9600067138672,,12892.0
2022-11-11 15:09:00-05:00,171.0,171.0,170.6699981689453,170.7100067138672,,6319.0
2022-11-11 15:10:00-05:00,170.7550048828125,170.7899932861328,170.5,170.57000732421875,,10596.0
2022-11-11 15:11:00-05:00,170.5800018310547,170.63999938964844,170.4250030517578,170.44000244140625,,9015.0
2022-11-11 15:12:00-05:00,170.3800048828125,170.61000061035156,170.32000732421875,170.50360107421875,,9898.0
2022-11-11 15:13:00-05:00,170.60000610351562,170.66000366210938,170.5399932861328,170.5800018310547,,6261.0
2022-11-11 15:14:00-05:00,170.5756072998047,170.5756072998047,170.33689880371094,170.36000061035156,,3803.0
2022-11-11 15:15:00-05:00,170.35000610351562,170.3699951171875,170.10000610351562,170.11000061035156,,12525.0
2022-11-11 15:16:00-05:00,170.1199951171875,170.33250427246094,170.1199951171875,170.32000732421875,,5067.0
2022-11-11 15:17:00-05:00,170.2899932861328,170.4199981689453,170.25750732421875,170.4199981689453,,3282.0
2022-11-11 15:18:00-05:00,170.39500427246094,170.58999633789062,170.39500427246094,170.52999877929688,,4580.0
2022-11-11 15:19:00-05:00,170.52000427246094,170.6300048828125,170.50999450683594,170.60000610351562,,8991.0
2022-11-11 15:20:00-05:00,170.61000061035156,170.77000427246094,170.57000732421875,170.72999572753906,,9477.0
2022-11-11 15:21:00-05:00,170.82000732421875,171.11000061035156,170.82000732421875,171.0800018310547,,4856.0
2022-11-11 15:22:00-05:00,171.0800018310547,171.3300018310547,171.05999755859375,171.3300018310547,,9699.0
2022-11-11 15:23:00-05:00,171.2949981689453,171.33999633789062,171.16000366210938,171.16000366210938,,11044.0
2022-11-11 15:24:00-05:00,171.0500030517578,171.0500030517578,170.86500549316406,171.023193359375,,9587.0
2022-11-11 15:25:00-05:00,170.90499877929688,170.99000549316406,170.82000732421875,170.99000549316406,,8151.0
2022-11-11 15:26:00-05:00,170.88999938964844,171.07850646972656,170.88999938964844,171.07850646972656,,8048.0
2022-11-11 15:27:00-05:00,171.05499267578125,171.16000366210938,170.97000122070312,171.10000610351562,,8783.0
2022-11-11 15:28:00-05:00,171.09750366210938,171.2449951171875,171.05499267578125,171.1750030517578,,4470.0
2022-11-11 15:29:00-05:00,171.1300048828125,171.1999969482422,171.05999755859375,171.1999969482422,,4768.0
2022-11-11 15:30:00-05:00,171.1750030517578,171.32000732421875,171.1300048828125,171.25999450683594,,8124.0
2022-11-11 15:31:00-05:00,171.2550048828125,171.39999389648438,171.2550048828125,171.36000061035156,,5533.0
2022-11-11 15:32:00-05:00,171.3300018310547,171.3699951171875,171.0955047607422,171.0955047607422,,10400.0
2022-11-11 15:33:00-05:00,171.07000732421875,171.23289489746094,171.07000732421875,171.2191925048828,,7695.0
2022-11-11 15:34:00-05:00,171.22999572753906,171.24130249023438,171.04849243164062,171.0500030517578,,6381.0
2022-11-11 15:35:00-05:00,171.0500030517578,171.0500030517578,170.74000549316406,170.80499267578125,,12485.0
2022-11-11 15:36:00-05:00,170.8300018310547,170.9149932861328,170.6800994873047,170.73500061035156,,5897.0
2022-11-11 15:37:00-05:00,170.7100067138672,170.8000030517578,170.7100067138672,170.77000427246094,,14813.0
2022-11-11 15:38:00-05:00,170.77000427246094,170.83999633789062,170.6300048828125,170.83999633789062,,8674.0
2022-11-11 15:39:00-05:00,170.82000732421875,170.9499969482422,170.8000030517578,170.9499969482422,,8277.0
2022-11-11 15:40:00-05:00,170.97500610351562,171.06500244140625,170.91000366210938,171.03500366210938,,9760.0
2022-11-11 15:41:00-05:00,170.9801025390625,171.35000610351562,170.9801025390625,171.35000610351562,,7247.0
2022-11-11 15:42:00-05:00,171.32000732421875,171.38999938964844,171.25999450683594,171.31149291992188,,10700.0
2022-11-11 15:43:00-05:00,171.33999633789062,171.47000122070312,171.33999633789062,171.41009521484375,,7261.0
2022-11-11 15:44:00-05:00,171.44000244140625,171.52000427246094,171.44000244140625,171.4499969482422,,12581.0
2022-11-11 15:45:00-05:00,171.44000244140625,171.50999450683594,171.36000061035156,171.44000244140625,,10232.0
2022-11-11 15:46:00-05:00,171.4499969482422,171.53990173339844,171.3300018310547,171.39759826660156,,14581.0
2022-11-11 15:47:00-05:00,171.44000244140625,171.4600067138672,171.19000244140625,171.24000549316406,,16176.0
2022-11-11 15:48:00-05:00,171.23899841308594,171.27000427246094,171.1699981689453,171.22999572753906,,12880.0
2022-11-11 15:49:00-05:00,171.2100067138672,171.3498992919922,171.1999969482422,171.32000732421875,,13767.0
2022-11-11 15:50:00-05:00,171.32000732421875,171.5,171.27999877929688,171.33999633789062,,23637.0
2022-11-11 15:51:00-05:00,171.32000732421875,171.32000732421875,171.1199951171875,171.27000427246094,,26253.0
2022-11-11 15:52:00-05:00,171.27000427246094,171.39999389648438,171.1699981689453,171.19000244140625,,25125.0
2022-11-11 15:53:00-05:00,171.1649932861328,171.36000061035156,171.1649932861328,171.3000030517578,,18552.0
2022-11-11 15:54:00-05:00,171.3000030517578,171.5399932861328,171.27000427246094,171.42999267578125,,25291.0
2022-11-11 15:55:00-05:00,171.38999938964844,171.49000549316406,171.14500427246094,171.22500610351562,,28609.0
2022-11-11 15:56:00-05:00,171.23500061035156,171.3350067138672,171.07000732421875,171.30079650878906,,47128.0
2022-11-11 15:57:00-05:00,171.32000732421875,171.36000061035156,171.0850067138672,171.11000061035156,,33438.0
2022-11-11 15:58:00-05:00,171.1199951171875,171.2550048828125,171.11000061035156,171.1699981689453,,35949.0
2022-11-11 15:59:00-05:00,171.16000366210938,171.22999572753906,171.02999877929688,171.1999969482422,,68286.0
